date,Price,Volume,
31/12/2020,2.848601655,49649928,705.67
30/12/2020,2.841847308,42846021,694.78
29/12/2020,2.823467708,22910811,665.99
28/12/2020,2.821965274,31553561,663.69
24/12/2020,2.820707075,22865568,661.77
23/12/2020,2.810219072,33172972,645.98
22/12/2020,2.806410632,51861644,640.34
21/12/2020,2.812819806,58045264,649.86
18/12/2020,2.841984805,222126194,695
17/12/2020,2.816837631,56270144,655.9
16/12/2020,2.794327684,42095813,622.77
15/12/2020,2.801575198,45223559,633.25
14/12/2020,2.806064599,52040649,639.83
11/12/2020,2.785322715,46474974,609.99
10/12/2020,2.797316024,67083153,627.07
9/12/2020,2.781381936,71291190,604.48
8/12/2020,2.812833172,64265029,649.88
7/12/2020,2.807372645,56309709,641.76
4/12/2020,2.777455823,29401314,599.04
3/12/2020,2.773332904,42552003,593.38
2/12/2020,2.754974858,47775653,568.82
1/12/2020,2.766977657,39133346,584.76
30/11/2020,2.754042387,63003052,567.6
27/11/2020,2.767719712,37561078,585.76
25/11/2020,2.758911892,48930162,574
24/11/2020,2.744590236,52058771,555.38
23/11/2020,2.717545688,50260304,521.85
20/11/2020,2.689850279,32911922,489.61
19/11/2020,2.698335471,62475346,499.27
18/11/2020,2.687207803,78044024,486.64
17/11/2020,2.645038899,61188281,441.61
16/11/2020,2.610755953,26838635,408.09
13/11/2020,2.611192061,19830351,408.5
12/11/2020,2.614644155,19940500,411.76
11/11/2020,2.620271425,17357722,417.13
10/11/2020,2.613165021,30284224,410.36
9/11/2020,2.624550223,34833025,421.26
6/11/2020,2.633417953,21706014,429.95
5/11/2020,2.64156334,28414523,438.09
4/11/2020,2.624261464,32143057,420.98
3/11/2020,2.627263417,34351715,423.9
2/11/2020,2.602613364,29021118,400.51
30/10/2020,2.588876496,42587639,388.04
29/10/2020,2.61366215,22655308,410.83
28/10/2020,2.608547427,25451409,406.02
27/10/2020,2.628061809,22686506,424.68
26/10/2020,2.623538724,28239161,420.28
23/10/2020,2.623900244,33716980,420.63
22/10/2020,2.629195457,39993191,425.79
21/10/2020,2.625970598,32370461,422.64
20/10/2020,2.625250699,31656289,421.94
19/10/2020,2.634305937,36287843,430.83
16/10/2020,2.643126833,32775879,439.67
15/10/2020,2.652130256,35672354,448.88
14/10/2020,2.663983455,48045394,461.3
13/10/2020,2.649967338,34463665,446.65
12/10/2020,2.645716939,38791133,442.3
9/10/2020,2.63748973,28925656,434
8/10/2020,2.629328034,40421116,425.92
7/10/2020,2.628695383,43127709,425.3
6/10/2020,2.61697936,49146259,413.98
5/10/2020,2.629083246,44722786,425.68
2/10/2020,2.618142271,71430025,415.09
1/10/2020,2.651433091,50741454,448.16
30/9/2020,2.632467415,48145566,429.01
29/9/2020,2.622286572,50341404,419.07
28/9/2020,2.624488363,49719561,421.2
25/9/2020,2.609957059,67208459,407.34
24/9/2020,2.588596606,96561061,387.79
23/9/2020,2.580194839,95074176,380.36
22/9/2020,2.627601377,79580795,424.23
21/9/2020,2.652623404,109476800,449.39
18/9/2020,2.645569629,86406819,442.15
17/9/2020,2.626781625,76779163,423.43
16/9/2020,2.645186389,72546760,441.76
15/9/2020,2.652980828,97298228,449.76
14/9/2020,2.622856179,83020608,419.62
11/9/2020,2.571382697,60717459,372.72
10/9/2020,2.569771733,84930608,371.34
9/9/2020,2.563813206,79465769,366.28
8/9/2020,2.518790221,115465691,330.21
4/9/2020,2.621508629,110321885,418.32
3/9/2020,2.609594409,87596086,407
2/9/2020,2.650666858,96176128,447.37
1/9/2020,2.676739322,90119419,475.05
31/8/2020,2.697508318,115847020,498.32
28/8/2020,3.345059906,20081176,2213.4
27/8/2020,3.350005599,23693043,2238.75
26/8/2020,3.33307832,14239382,2153.17
25/8/2020,3.306068867,10658893,2023.34
24/8/2020,3.304102592,20063621,2014.2
21/8/2020,3.311749624,21489559,2049.98
20/8/2020,3.301427193,20611796,2001.83
19/8/2020,3.273818135,12205331,1878.53
18/8/2020,3.275792613,16474491,1887.09
17/8/2020,3.263787513,20023104,1835.64
14/8/2020,3.217670782,12577614,1650.71
13/8/2020,3.209783015,20425308,1621
12/8/2020,3.191663359,21898834,1554.76
11/8/2020,3.138109987,8625834,1374.39
10/8/2020,3.151850771,7522264,1418.57
7/8/2020,3.162178926,8896420,1452.71
6/8/2020,3.173063833,5992313,1489.58
5/8/2020,3.171732303,4978015,1485.02
4/8/2020,3.172310969,8414990,1487
3/8/2020,3.171726454,8809346,1485
31/7/2020,3.15556679,12246960,1430.76
30/7/2020,3.172454055,7621039,1487.49
29/7/2020,3.175833501,9426893,1499.11
28/7/2020,3.16923051,15808700,1476.49
27/7/2020,3.187407902,16048669,1539.6
24/7/2020,3.15136985,19396616,1417
23/7/2020,3.17985902,24328504,1513.07
22/7/2020,3.202033077,14161080,1592.33
21/7/2020,3.195445757,16157300,1568.36
20/7/2020,3.215637563,17121400,1643
17/7/2020,3.176334396,9330000,1500.84
16/7/2020,3.176276519,14300800,1500.64
15/7/2020,3.189212299,16367800,1546.01
14/7/2020,3.18092832,23418100,1516.8
13/7/2020,3.175239207,38985400,1497.06
10/7/2020,3.188830089,23337600,1544.65
9/7/2020,3.144349998,11717600,1394.28
8/7/2020,3.135412546,16311300,1365.88
7/7/2020,3.142971056,21489700,1389.86
6/7/2020,3.137221144,20569900,1371.58
2/7/2020,3.08230415,17201300,1208.66
1/7/2020,3.049074527,13326900,1119.63
30/6/2020,3.033347345,16918500,1079.81
29/6/2020,3.004041787,9026404,1009.35
26/6/2020,2.982153596,8854900,959.74
25/6/2020,2.993868106,9254500,985.98
24/6/2020,2.982655594,10959600,960.85
23/6/2020,3.000772357,6365300,1001.78
22/6/2020,2.997526175,6362400,994.32
19/6/2020,3.000390689,8679700,1000.9
18/6/2020,3.00171641,9751900,1003.96
17/6/2020,2.996419725,9869400,991.79
16/6/2020,2.992168977,14051100,982.13
15/6/2020,2.996029828,15697200,990.9
12/6/2020,2.970941648,16730200,935.28
11/6/2020,2.988041419,15916500,972.84
10/6/2020,3.01074505,18563400,1025.05
9/6/2020,2.973437294,11388200,940.67
8/6/2020,2.977687032,14174700,949.92
5/6/2020,2.947267031,7811900,885.66
4/6/2020,2.93670471,8887700,864.38
3/6/2020,2.94594103,7949500,882.96
2/6/2020,2.945251876,13565600,881.56
1/6/2020,2.953324696,14939500,898.1
29/5/2020,2.921686475,11812500,835
28/5/2020,2.906232653,7255600,805.81
27/5/2020,2.91393565,11549500,820.23
26/5/2020,2.913214961,8089700,818.87
22/5/2020,2.912158263,9987500,816.88
21/5/2020,2.917820482,12254600,827.6
20/5/2020,2.911455917,7309300,815.56
19/5/2020,2.907416736,9636500,808.01
18/5/2020,2.910426953,11698100,813.63
15/5/2020,2.902639173,10518400,799.17
14/5/2020,2.904893986,13682200,803.33
13/5/2020,2.898154521,19065500,790.96
12/5/2020,2.908168566,15906900,809.41
11/5/2020,2.909176123,16519600,811.29
8/5/2020,2.91350656,16130100,819.42
7/5/2020,2.892116874,11527700,780.04
6/5/2020,2.893528745,11123200,782.58
5/5/2020,2.885479956,16991700,768.21
4/5/2020,2.881493074,19237100,761.19
1/5/2020,2.845916224,32531800,701.32
30/4/2020,2.893140104,28471900,781.88
29/4/2020,2.903366762,16216000,800.51
28/4/2020,2.885994105,15222000,769.12
27/4/2020,2.902410871,20681400,798.75
24/4/2020,2.860427851,13237600,725.15
23/4/2020,2.848577037,13236700,705.63
22/4/2020,2.864576339,14224800,732.11
21/4/2020,2.836779696,20209100,686.72
20/4/2020,2.872948356,14746600,746.36
17/4/2020,2.877307983,13128200,753.89
16/4/2020,2.872278674,20657900,745.21
15/4/2020,2.863221711,23577000,729.83
14/4/2020,2.851191058,30576500,709.89
13/4/2020,2.813547631,22475400,650.95
9/4/2020,2.758154622,13650000,573
8/4/2020,2.739445756,12656000,548.84
7/4/2020,2.736754946,17919800,545.45
6/4/2020,2.712851652,14901800,516.24
3/4/2020,2.681250285,22562100,480.01
2/4/2020,2.65750522,19858400,454.47
1/4/2020,2.682650406,13353200,481.56
31/3/2020,2.719331287,17771500,524
30/3/2020,2.700816169,11998100,502.13
27/3/2020,2.711267188,14377400,514.36
26/3/2020,2.722765507,17380700,528.16
25/3/2020,2.731790154,21222700,539.25
24/3/2020,2.703291378,22895200,505
23/3/2020,2.637779829,16454500,434.29
20/3/2020,2.630966595,28285500,427.53
19/3/2020,2.631078321,30195500,427.64
18/3/2020,2.557771788,23786200,361.22
17/3/2020,2.633670406,23994600,430.2
16/3/2020,2.648428322,20489500,445.07
13/3/2020,2.737685518,22640300,546.62
12/3/2020,2.748614357,18909100,560.55
11/3/2020,2.802246781,13322500,634.23
10/3/2020,2.809781855,15594400,645.33
9/3/2020,2.783903579,17073700,608
6/3/2020,2.847251755,12662900,703.48
5/3/2020,2.860062367,10852700,724.54
4/3/2020,2.874771637,15049000,749.5
3/3/2020,2.872453473,25784000,745.51
2/3/2020,2.871351062,20195000,743.62
28/2/2020,2.824769961,24564200,667.99
27/2/2020,2.831869774,24277200,679
26/2/2020,2.891425943,14085500,778.8
25/2/2020,2.903041126,17290500,799.91
24/2/2020,2.921056682,15192200,833.79
21/2/2020,2.954724791,14314800,901
20/2/2020,2.953957712,17634900,899.41
19/2/2020,2.962568204,25423000,917.42
18/2/2020,2.933689709,16381700,858.4
14/2/2020,2.903106273,15693700,800.03
13/2/2020,2.905256049,26289300,804
12/2/2020,2.884959538,12022500,767.29
11/2/2020,2.888954128,11697500,774.38
10/2/2020,2.88721207,24689200,771.28
7/2/2020,2.873942238,17063500,748.07
6/2/2020,2.874458624,39880800,748.96
5/2/2020,2.86611004,48423800,734.7
4/2/2020,2.947952996,60938800,887.06
3/2/2020,2.892094603,47233500,780
31/1/2020,2.813294033,15719300,650.57
30/1/2020,2.80672928,29005700,640.81
29/1/2020,2.764168657,17801500,580.99
28/1/2020,2.753506457,11788500,566.9
27/1/2020,2.746649765,13608100,558.02
24/1/2020,2.751910066,14353600,564.82
23/1/2020,2.757547853,19651000,572.2
22/1/2020,2.755539481,31369000,569.56
21/1/2020,2.738146089,17803500,547.2
17/1/2020,2.707995746,13629100,510.5
16/1/2020,2.71053199,21736700,513.49
15/1/2020,2.714748761,17368800,518.5
14/1/2020,2.730717692,28996200,537.92
13/1/2020,2.720043476,26517600,524.86
10/1/2020,2.67956416,12959500,478.15
9/1/2020,2.682451954,28440400,481.34
8/1/2020,2.692088665,31144300,492.14
7/1/2020,2.671228399,17882100,469.06
6/1/2020,2.654696229,10133000,451.54
3/1/2020,2.64641353,17778500,443.01
2/1/2020,2.633730973,9532100,430.26

date,Price,Volume
2020-12-31,350.68,1969227.0
2020-12-30,344.99,1866024.0
2020-12-29,347.35,2275855.0
2020-12-28,345.95,2260528.0
2020-12-24,340.79,1360598.0
2020-12-23,337.59,2348234.0
2020-12-22,335.01,2069883.0
2020-12-21,336.08,2893022.0
2020-12-18,338.38,8743007.0
2020-12-17,341.67,2525662.0
2020-12-16,339.34,2365672.0
2020-12-15,339.67,2616862.0
2020-12-14,336.13,2478953.0
2020-12-11,337.07,3071737.0
2020-12-10,339.65,2896940.0
2020-12-09,344.41,2600442.0
2020-12-08,347.86,2471262.0
2020-12-07,347.86,2999382.0
2020-12-04,349.89,3255426.0
2020-12-03,348.68,4169186.0
2020-12-02,347.56,2864281.0
2020-12-01,341.19,3752691.0
2020-11-30,336.34,5265707.0
2020-11-27,337.94,1558621.0
2020-11-25,333.19,3145335.0
2020-11-24,336.01,3753225.0
2020-11-23,335.06,2538118.0
2020-11-20,334.7,3702637.0
2020-11-19,337.0,3935570.0
2020-11-18,344.51,2722477.0
2020-11-17,352.1,2557624.0
2020-11-16,356.82,2790381.0
2020-11-13,355.67,2442331.0
2020-11-12,354.41,2908228.0
2020-11-11,351.7,2048494.0
2020-11-10,353.69,3733236.0
2020-11-09,350.0,4635344.0
2020-11-06,347.46,2994932.0
2020-11-05,354.4,4786472.0
2020-11-04,354.56,10344924.0
2020-11-03,321.35,4043876.0
2020-11-02,312.1,4519209.0
2020-10-30,305.14,3557355.0
2020-10-29,303.68,3279189.0
2020-10-28,308.0,3301655.0
2020-10-27,320.51,2427684.0
2020-10-26,323.06,2408460.0
2020-10-23,330.6,2349525.0
2020-10-22,325.73,2100739.0
2020-10-21,322.79,2139034.0
2020-10-20,323.41,1988669.0
2020-10-19,324.22,2482339.0
2020-10-16,329.9,3293344.0
2020-10-15,324.57,3172686.0
2020-10-14,321.85,4455722.0
2020-10-13,331.42,2713530.0
2020-10-12,329.97,2424163.0
2020-10-09,327.84,2028946.0
2020-10-08,322.41,2056700.0
2020-10-07,323.17,2596552.0
2020-10-06,314.45,2434408.0
2020-10-05,318.15,1638618.0
2020-10-02,311.98,2338048.0
2020-10-01,313.07,2731236.0
2020-09-30,311.77,3497316.0
2020-09-29,304.15,1797818.0
2020-09-28,303.23,2575710.0
2020-09-25,302.5,2455819.0
2020-09-24,292.66,2869110.0
2020-09-23,292.14,3710122.0
2020-09-22,294.26,3163604.0
2020-09-21,299.19,4124741.0
2020-09-18,308.02,3795806.0
2020-09-17,304.98,2394205.0
2020-09-16,306.52,3438228.0
2020-09-15,307.23,1468486.0
2020-09-14,308.57,1795515.0
2020-09-11,301.48,3086088.0
2020-09-10,304.6,2421619.0
2020-09-09,312.02,2195680.0
2020-09-08,307.25,2594530.0
2020-09-04,312.0,2901147.0
2020-09-03,316.23,3872533.0
2020-09-02,320.24,2846460.0
2020-09-01,312.83,2487188.0
2020-08-31,312.55,4341556.0
2020-08-28,314.37,2883586.0
2020-08-27,311.67,2321100.0
2020-08-26,308.82,3178972.0
2020-08-25,312.22,1879520.0
2020-08-24,308.84,2922446.0
2020-08-21,314.14,2488477.0
2020-08-20,313.33,2245791.0
2020-08-19,315.4,2066691.0
2020-08-18,316.81,2520285.0
2020-08-17,320.51,2700639.0
2020-08-14,323.7,1787375.0
2020-08-13,321.52,2159587.0
2020-08-12,322.27,2916495.0
2020-08-11,315.55,3018248.0
2020-08-10,319.1,2563849.0
2020-08-07,317.03,2600751.0
2020-08-06,314.06,3305601.0
2020-08-05,312.47,3014732.0
2020-08-04,304.5,3595182.0
2020-08-03,303.61,2628889.0
2020-07-31,302.78,3913650.0
2020-07-30,305.23,2205343.0
2020-07-29,306.68,2672724.0
2020-07-28,299.93,2257492.0
2020-07-27,298.6,2060506.0
2020-07-24,300.79,2415759.0
2020-07-23,302.97,2367675.0
2020-07-22,306.71,1935771.0
2020-07-21,305.11,2339785.0
2020-07-20,303.46,2374932.0
2020-07-17,306.53,3016515.0
2020-07-16,307.15,3843930.0
2020-07-15,304.07,5114764.0
2020-07-14,308.52,4225643.0
2020-07-13,299.71,4261793.0
2020-07-10,291.23,2391551.0
2020-07-09,291.16,3061029.0
2020-07-08,298.36,1986571.0
2020-07-07,296.65,2075305.0
2020-07-06,302.81,2394544.0
2020-07-02,298.26,1971686.0
2020-07-01,297.73,2306448.0
2020-06-30,294.95,2931403.0
2020-06-29,289.76,2356713.0
2020-06-26,286.88,5043217.0
2020-06-25,296.22,3111352.0
2020-06-24,289.18,3398554.0
2020-06-23,297.6,4023359.0
2020-06-22,292.67,2170290.0
2020-06-19,291.24,5172840.0
2020-06-18,291.48,2922872.0
2020-06-17,292.6,2537809.0
2020-06-16,293.0,4245320.0
2020-06-15,286.28,4494376.0
2020-06-12,285.15,5416185.0
2020-06-11,283.73,6637443.0
2020-06-10,305.75,3293695.0
2020-06-09,309.21,3061520.0
2020-06-08,309.48,4633521.0
2020-06-05,311.85,5553228.0
2020-06-04,298.08,4373644.0
2020-06-03,305.35,4360043.0
2020-06-02,306.31,2756763.0
2020-06-01,305.93,2893945.0
2020-05-29,304.85,6251466.0
2020-05-28,303.97,4387457.0
2020-05-27,303.77,5617624.0
2020-05-26,294.89,4567935.0
2020-05-22,289.94,2922192.0
2020-05-21,286.91,3604782.0
2020-05-20,287.99,3199609.0
2020-05-19,289.05,3058582.0
2020-05-18,293.36,4014769.0
2020-05-15,290.96,12182186.0
2020-05-14,290.61,5704273.0
2020-05-13,278.0,5472173.0
2020-05-12,287.7,4211716.0
2020-05-11,288.69,3490697.0
2020-05-08,287.0,3199949.0
2020-05-07,285.0,3162328.0
2020-05-06,288.77,2578448.0
2020-05-05,293.04,2500455.0
2020-05-04,287.54,2894192.0
2020-05-01,284.51,3526099.0
2020-04-30,292.47,7629191.0
2020-04-29,287.65,4254069.0
2020-04-28,288.36,3861362.0
2020-04-27,293.98,3705579.0
2020-04-24,291.29,3264950.0
2020-04-23,285.33,4417842.0
2020-04-22,277.02,3663332.0
2020-04-21,274.19,3975331.0
2020-04-20,282.14,4071143.0
2020-04-17,290.56,5856978.0
2020-04-16,298.43,7735550.0
2020-04-15,281.68,7839788.0
2020-04-14,270.5,4772207.0
2020-04-13,263.51,2964686.0
2020-04-09,264.13,4922000.0
2020-04-08,267.83,6385882.0
2020-04-07,248.04,4982587.0
2020-04-06,248.34,6365311.0
2020-04-03,229.49,4649266.0
2020-04-02,240.44,4336650.0
2020-04-01,237.32,4546746.0
2020-03-31,249.38,5449215.0
2020-03-30,251.28,5327921.0
2020-03-27,242.45,4879463.0
2020-03-26,255.39,7517518.0
2020-03-25,234.49,10012757.0
2020-03-24,219.8,8885537.0
2020-03-23,194.86,10651402.0
2020-03-20,206.59,9362637.0
2020-03-19,219.8,8062892.0
2020-03-18,217.06,12655441.0
2020-03-17,244.22,9640576.0
2020-03-16,225.04,10294054.0
2020-03-13,272.04,9302268.0
2020-03-12,250.41,10361301.0
2020-03-11,277.78,7724616.0
2020-03-10,280.0,7363915.0
2020-03-09,273.44,8057145.0
2020-03-06,283.87,5361322.0
2020-03-05,282.96,5907644.0
2020-03-04,289.42,14530318.0
2020-03-03,261.4,9179952.0
2020-03-02,273.11,8863396.0
2020-02-28,254.96,9959339.0
2020-02-27,253.92,7600729.0
2020-02-26,263.0,6806558.0
2020-02-25,263.39,8167844.0
2020-02-24,277.79,8783911.0
2020-02-21,301.43,2987070.0
2020-02-20,302.13,2883665.0
2020-02-19,305.31,3020954.0
2020-02-18,302.14,3241661.0
2020-02-14,298.78,2485560.0
2020-02-13,302.2,3565456.0
2020-02-12,303.48,6701787.0
2020-02-11,290.79,2990166.0
2020-02-10,287.03,3145784.0
2020-02-07,289.22,3425916.0
2020-02-06,292.46,3043940.0
2020-02-05,295.73,5760323.0
2020-02-04,280.84,4290155.0
2020-02-03,274.02,5646834.0
2020-01-31,272.45,5532583.0
2020-01-30,280.98,4211121.0
2020-01-29,282.9,3962202.0
2020-01-28,285.87,4340903.0
2020-01-27,284.09,4399151.0
2020-01-24,292.81,3677979.0
2020-01-23,299.46,3169596.0
2020-01-22,300.59,3117557.0
2020-01-21,300.53,4962781.0
2020-01-17,298.47,4363150.0
2020-01-16,300.74,3709349.0
2020-01-15,296.41,6081200.0
2020-01-14,288.24,6052841.0
2020-01-13,285.85,6994688.0
2020-01-10,295.13,2477918.0
2020-01-09,294.22,2838201.0
2020-01-08,295.9,3379131.0
2020-01-07,289.79,2496065.0
2020-01-06,291.55,3075610.0
2020-01-03,289.54,2711442.0
2020-01-02,292.5,2543430.0

date,Price,Volume
31/12/2020,132.69,99116586
30/12/2020,133.72,96452124
29/12/2020,134.87,121047324
28/12/2020,136.69,123124632
24/12/2020,131.97,54930064
23/12/2020,130.96,88223692
22/12/2020,131.88,169351825
21/12/2020,128.23,121251553
18/12/2020,126.655,192541496
17/12/2020,128.7,94359811
16/12/2020,127.81,98208591
15/12/2020,127.88,157572262
14/12/2020,121.78,79075988
11/12/2020,122.41,86939786
10/12/2020,123.24,81312170
9/12/2020,121.78,115089193
8/12/2020,124.38,82225512
7/12/2020,123.75,86711990
4/12/2020,122.25,78260421
3/12/2020,122.94,78967630
2/12/2020,123.08,89004195
1/12/2020,122.72,125920963
30/11/2020,119.05,169410176
27/11/2020,116.59,46691331
25/11/2020,116.03,76499234
24/11/2020,115.17,113226248
23/11/2020,113.85,127959318
20/11/2020,117.34,73604287
19/11/2020,118.64,74112972
18/11/2020,118.03,76322111
17/11/2020,119.39,74270973
16/11/2020,120.3,91183018
13/11/2020,119.26,81688586
12/11/2020,119.21,103350674
11/11/2020,119.49,112294954
10/11/2020,115.97,138023390
9/11/2020,116.32,154515315
6/11/2020,118.69,114457922
5/11/2020,119.03,126387074
4/11/2020,114.95,138235482
3/11/2020,110.44,107624448
2/11/2020,108.77,122866899
30/10/2020,108.86,190573476
29/10/2020,115.32,146129173
28/10/2020,111.2,143937823
27/10/2020,116.6,92276772
26/10/2020,115.05,111850657
23/10/2020,115.04,82572645
22/10/2020,115.75,101987954
21/10/2020,116.87,89945980
20/10/2020,117.51,124423728
19/10/2020,115.98,120639337
16/10/2020,119.02,115393808
15/10/2020,120.71,112559219
14/10/2020,121.19,151062308
13/10/2020,121.1,262330451
12/10/2020,124.4,240226769
9/10/2020,116.97,100506865
8/10/2020,114.97,83477153
7/10/2020,115.08,96848985
6/10/2020,113.16,161498212
5/10/2020,116.5,106243839
2/10/2020,113.02,144711986
1/10/2020,116.79,116120440
30/9/2020,115.81,142675184
29/9/2020,114.09,100060526
28/9/2020,114.96,137672403
25/9/2020,112.28,149981441
24/9/2020,108.22,167743349
23/9/2020,107.12,150718671
22/9/2020,111.81,183055373
21/9/2020,110.08,195713815
18/9/2020,106.84,287104882
17/9/2020,110.34,178010968
16/9/2020,112.13,155026675
15/9/2020,115.54,184642039
14/9/2020,115.355,140150087
11/9/2020,112,180860325
10/9/2020,113.49,182274391
9/9/2020,117.32,176940455
8/9/2020,112.82,231366563
4/9/2020,120.96,332607163
3/9/2020,120.88,257599640
2/9/2020,131.4,200118991
1/9/2020,134.18,152470142
31/8/2020,129.04,223505733
28/8/2020,499.23,46907479
27/8/2020,500.04,38888096
26/8/2020,506.09,40755567
25/8/2020,499.3,52873947
24/8/2020,503.43,86484442
21/8/2020,497.48,84513660
20/8/2020,473.1,31726797
19/8/2020,462.83,36384502
18/8/2020,462.25,26408385
17/8/2020,458.43,29431414
14/8/2020,459.63,41391302
13/8/2020,460.04,52520516
12/8/2020,452.04,41486205
11/8/2020,437.5,46975594
10/8/2020,450.91,53100856
7/8/2020,444.45,49511403
6/8/2020,455.61,50607225
5/8/2020,440.25,30497988
4/8/2020,438.66,43198092
3/8/2020,435.75,77037847
31/7/2020,425.04,93573867
30/7/2020,384.76,39532505
29/7/2020,380.16,22582314
28/7/2020,373.01,25906375
27/7/2020,379.24,30303548
24/7/2020,370.46,46359716
23/7/2020,371.38,49251108
22/7/2020,389.09,22250413
21/7/2020,388,25627347
20/7/2020,393.43,22397208
17/7/2020,385.31,23046755
16/7/2020,386.09,27645927
15/7/2020,390.9,38306874
14/7/2020,388.23,42748119
13/7/2020,381.91,47913079
10/7/2020,383.68,22564330
9/7/2020,383.01,31420357
8/7/2020,381.37,29274479
7/7/2020,372.69,28206999
6/7/2020,373.85,29745936
2/7/2020,364.11,28814516
1/7/2020,364.11,27690454
30/6/2020,364.8,35055821
29/6/2020,361.78,32661519
26/6/2020,353.63,51314211
25/6/2020,364.84,34380628
24/6/2020,360.06,48155849
23/6/2020,366.53,53038869
22/6/2020,358.87,33861316
19/6/2020,349.72,66118952
18/6/2020,351.73,24205096
17/6/2020,351.59,28601626
16/6/2020,352.08,41357182
15/6/2020,342.99,34702230
12/6/2020,338.8,50036513
11/6/2020,335.9,50415613
10/6/2020,352.84,41662938
9/6/2020,343.99,36928091
8/6/2020,333.46,23913634
5/6/2020,331.5,34312550
4/6/2020,322.32,21890091
3/6/2020,325.12,26122804
2/6/2020,323.34,21910704
1/6/2020,321.85,20254653
29/5/2020,317.94,38399532
28/5/2020,318.25,33449103
27/5/2020,318.11,28236274
26/5/2020,316.73,31380454
22/5/2020,318.89,20450754
21/5/2020,316.85,25672211
20/5/2020,319.23,27876215
19/5/2020,313.14,25432385
18/5/2020,314.96,33843125
15/5/2020,307.71,41587094
14/5/2020,309.54,39732269
13/5/2020,307.65,50155639
12/5/2020,311.41,40575263
11/5/2020,315.01,36486561
8/5/2020,310.13,33511985
7/5/2020,303.74,28803764
6/5/2020,300.63,35583438
5/5/2020,297.56,36937795
4/5/2020,293.16,33391986
1/5/2020,289.07,60154175
30/4/2020,293.8,45765968
29/4/2020,287.73,34320204
28/4/2020,278.58,28001187
27/4/2020,283.17,29271893
24/4/2020,282.97,31627183
23/4/2020,275.03,31203582
22/4/2020,276.1,29264342
21/4/2020,268.37,45247893
20/4/2020,276.93,32503750
17/4/2020,282.8,53812478
16/4/2020,286.69,39281290
15/4/2020,284.43,32788641
14/4/2020,287.05,48748672
13/4/2020,273.25,32755731
9/4/2020,267.99,40529123
8/4/2020,266.07,42223821
7/4/2020,259.43,50721831
6/4/2020,262.47,50455071
3/4/2020,241.41,32470017
2/4/2020,244.93,41483493
1/4/2020,240.91,44054638
31/3/2020,254.29,49250501
30/3/2020,254.81,41994110
27/3/2020,247.74,51054153
26/3/2020,258.44,63140169
25/3/2020,245.52,75900510
24/3/2020,246.88,71882773
23/3/2020,224.37,84188208
20/3/2020,229.24,100423346
19/3/2020,244.78,67964255
18/3/2020,246.67,75058406
17/3/2020,252.86,81013965
16/3/2020,242.21,80605865
13/3/2020,277.97,92683032
12/3/2020,248.23,104618517
11/3/2020,275.43,64094970
10/3/2020,285.34,71322520
9/3/2020,266.17,71686208
6/3/2020,289.03,56544246
5/3/2020,292.92,46893219
4/3/2020,302.74,54794568
3/3/2020,289.32,79868852
2/3/2020,298.81,85349339
28/2/2020,273.36,106721230
27/2/2020,273.52,80151381
26/2/2020,292.65,49678431
25/2/2020,288.08,57668364
24/2/2020,298.18,55548828
21/2/2020,313.05,32426415
20/2/2020,320.3,25141489
19/2/2020,323.62,23495991
18/2/2020,319,38190545
14/2/2020,324.95,20028447
13/2/2020,324.87,23686892
12/2/2020,327.2,28432573
11/2/2020,319.61,23580780
10/2/2020,321.55,27337215
7/2/2020,320.03,29421012
6/2/2020,325.21,26356385
5/2/2020,321.45,29706718
4/2/2020,318.85,34154134
3/2/2020,308.66,43496401
31/1/2020,309.51,49897096
30/1/2020,323.87,31685808
29/1/2020,324.34,54149928
28/1/2020,317.69,40558486
27/1/2020,308.95,40485005
24/1/2020,318.31,36634380
23/1/2020,319.23,26117993
22/1/2020,317.7,25458115
21/1/2020,316.57,27235039
17/1/2020,318.73,34454117
16/1/2020,315.24,27207254
15/1/2020,311.34,30480882
14/1/2020,312.68,40653457
13/1/2020,316.96,30028742
10/1/2020,310.33,35217272
9/1/2020,309.63,42621542
8/1/2020,303.19,33090946
7/1/2020,298.39,27877655
6/1/2020,299.8,29644644
3/1/2020,297.43,36633878
2/1/2020,300.35,33911864

date,states,positive,negative,pending,hospitalizedCurrently,hospitalizedCumulative,inIcuCurrently,inIcuCumulative,onVentilatorCurrently,onVentilatorCumulative,dateChecked,death,hospitalized,totalTestResults,lastModified,recovered,total,posNeg,deathIncrease,hospitalizedIncrease,negativeIncrease,positiveIncrease,totalTestResultsIncrease,logOfTotalTestResults
20210307,56,28756184,74582825,11808,40212,878613,8137,45475,2801,4281,2021-03-07T24:00:00Z,515148,878613,363824818,2021-03-07T24:00:00Z,,0,0,839,726,131835,41530,1169754,8.560892321
20210306,56,28714654,74450990,11783,41401,877887,8409,45453,2811,4280,2021-03-06T24:00:00Z,514309,877887,362655064,2021-03-06T24:00:00Z,,0,0,1680,503,143835,60015,1430992,8.559493746
20210305,56,28654639,74307155,12213,42541,877384,8634,45373,2889,4275,2021-03-05T24:00:00Z,512629,877384,361224072,2021-03-05T24:00:00Z,,0,0,2221,2781,271917,68787,1744417,8.557776684
20210304,56,28585852,74035238,12405,44172,874603,8970,45293,2973,4267,2021-03-04T24:00:00Z,510408,874603,359479655,2021-03-04T24:00:00Z,,0,0,1743,1530,177957,65487,1590984,8.555674316
20210303,56,28520365,73857281,11778,45462,873073,9359,45214,3094,4260,2021-03-03T24:00:00Z,508665,873073,357888671,2021-03-03T24:00:00Z,,0,0,2449,2172,267001,66836,1406795,8.553747951
20210302,56,28453529,73590280,11196,46388,870901,9465,45084,3169,4257,2021-03-02T24:00:00Z,506216,870901,356481876,2021-03-02T24:00:00Z,,0,0,1728,1871,255779,54248,1343519,8.552037455
20210301,56,28399281,73334501,11748,46738,869030,9595,44956,3171,4252,2021-03-01T24:00:00Z,504488,869030,355138357,2021-03-01T24:00:00Z,,0,0,1241,1024,118077,48092,1154440,8.550397581
20210228,56,28351189,73216424,11708,47352,868006,9802,44907,3245,4252,2021-02-28T24:00:00Z,503247,868006,353983917,2021-02-28T24:00:00Z,,0,0,1051,879,203599,54349,1408422,8.548983531
20210227,56,28296840,73012825,11731,48871,867127,10114,44875,3335,4252,2021-02-27T24:00:00Z,502196,867127,352575495,2021-02-27T24:00:00Z,,0,0,1847,1428,205090,71245,1655179,8.547252124
20210226,56,28225595,72807735,11945,51112,865699,10466,44791,3466,4247,2021-02-26T24:00:00Z,500349,865699,350920316,2021-02-26T24:00:00Z,,0,0,2141,1933,276829,74857,1803309,8.545208512
20210225,56,28150738,72530906,11813,52669,863766,10846,44636,3567,4233,2021-02-25T24:00:00Z,498208,863766,349117007,2021-02-25T24:00:00Z,,0,0,3138,1982,272209,75565,1826144,8.542971006
20210224,56,28075173,72258697,12548,54118,861784,11026,44534,3685,4227,2021-02-24T24:00:00Z,495070,861784,347290863,2021-02-24T24:00:00Z,,0,0,2447,2172,245318,73258,1450666,8.540693357
20210223,56,28001915,72013379,11200,55058,859612,11272,44420,3755,4214,2021-02-23T24:00:00Z,492623,859612,345840197,2021-02-23T24:00:00Z,,0,0,2241,2164,225267,69105,1193835,8.53887547
20210222,56,27932810,71788112,9499,55403,857448,11536,44266,3804,4200,2021-02-22T24:00:00Z,490382,857448,344646362,2021-02-22T24:00:00Z,,0,0,1235,1305,123611,52530,1201247,8.537373699
20210221,56,27880280,71664501,9442,56159,856143,11862,44216,3915,4197,2021-02-21T24:00:00Z,489147,856143,343445115,2021-02-21T24:00:00Z,,0,0,1287,997,156778,58702,1232995,8.535857344
20210220,56,27821578,71507723,9408,58222,855146,12120,44166,3932,4197,2021-02-20T24:00:00Z,487860,855146,342212120,2021-02-20T24:00:00Z,,0,0,2160,1732,141790,72354,1290481,8.534295387
20210219,56,27749224,71365933,8711,59882,853414,12491,44085,4118,4187,2021-02-19T24:00:00Z,485700,853414,340921639,2021-02-19T24:00:00Z,,0,0,2477,2674,224755,74676,1878033,8.532654568
20210218,56,27674548,71141178,8679,62300,850740,13045,43964,4180,4178,2021-02-18T24:00:00Z,483223,850740,339043606,2021-02-18T24:00:00Z,,0,0,2616,2497,218491,66824,1345849,8.530255558
20210217,56,27607724,70922687,8548,63405,848243,13103,43823,4271,4154,2021-02-17T24:00:00Z,480607,848243,337697757,2021-02-17T24:00:00Z,,0,0,2348,2857,233666,66839,1298421,8.528528176
20210216,56,27540885,70689021,11547,64533,845386,13616,43673,4406,4149,2021-02-16T24:00:00Z,478259,845386,336399336,2021-02-16T24:00:00Z,,0,0,1353,2094,101102,56312,1053698,8.52685513
20210215,56,27484573,70587919,11494,65455,843292,13799,43553,4454,4143,2021-02-15T24:00:00Z,476906,843292,335345638,2021-02-15T24:00:00Z,,0,0,1078,1130,143388,55077,1123560,8.525492662
20210214,56,27429496,70444531,11515,67023,842162,14047,43516,4538,4141,2021-02-14T24:00:00Z,475828,842162,334222078,2021-02-14T24:00:00Z,,0,0,1366,1236,171877,72164,1439631,8.524035135
20210213,56,27357332,70272654,11529,69283,840926,14396,43463,4648,4140,2021-02-13T24:00:00Z,474462,840926,332782447,2021-02-13T24:00:00Z,,0,0,3467,1805,234293,90642,1757608,8.522160411
20210212,56,27266690,70038361,9434,71497,839121,14775,43389,4849,4126,2021-02-12T24:00:00Z,470995,839121,331024839,2021-02-12T24:00:00Z,,0,0,5427,2347,255983,101030,1812454,8.519860583
20210211,56,27165660,69782378,11981,74225,836774,15190,43291,4970,4113,2021-02-11T24:00:00Z,465568,836774,329212385,2021-02-11T24:00:00Z,,0,0,3873,2460,260124,102417,1855929,8.517476165
20210210,56,27063243,69522254,12079,76979,834314,15788,43184,5121,4106,2021-02-10T24:00:00Z,461695,834314,327356456,2021-02-10T24:00:00Z,,0,0,3445,3226,155861,95194,1382709,8.51502091
20210209,56,26968049,69366393,10516,79179,831088,16129,43000,5216,4092,2021-02-09T24:00:00Z,458250,831088,325973747,2021-02-09T24:00:00Z,,0,0,2795,3144,337168,92986,1488481,8.513182625
20210208,56,26875063,69029225,12114,80055,827944,16174,42833,5260,4080,2021-02-08T24:00:00Z,455455,827944,324485266,2021-02-08T24:00:00Z,,0,0,1309,1638,142156,77737,1400009,8.511194981
20210207,56,26797326,68887069,12061,81439,826306,16616,42779,5342,4079,2021-02-07T24:00:00Z,454146,826306,323085257,2021-02-07T24:00:00Z,,0,0,1475,1543,208303,95994,1498808,8.509317141
20210206,56,26701332,68678766,12070,84233,824763,17093,42730,5475,4078,2021-02-06T24:00:00Z,452671,824763,321586449,2021-02-06T24:00:00Z,,0,0,2994,2443,282477,114557,1888854,8.50729774
20210205,56,26586775,68396289,11546,86373,822320,17284,42626,5596,4060,2021-02-05T24:00:00Z,449677,822320,319697595,2021-02-05T24:00:00Z,,0,0,3543,2940,270754,131146,1868496,8.504739369
20210204,56,26455629,68125535,11914,88668,819380,17918,42472,5732,4059,2021-02-04T24:00:00Z,446134,819380,317829099,2021-02-04T24:00:00Z,,0,0,5212,3402,217496,123907,1663995,8.502193657
20210203,56,26331722,67908039,12077,91440,815978,18147,42323,5920,4044,2021-02-03T24:00:00Z,440922,815978,316165104,2021-02-03T24:00:00Z,,0,0,3685,3975,224499,116960,1384881,8.499913934
20210202,56,26214762,67683540,10590,92880,812003,18388,42148,6047,4035,2021-02-02T24:00:00Z,437237,812003,314780223,2021-02-02T24:00:00Z,,0,0,3486,3285,167082,117616,1385595,8.498007439
20210201,56,26097146,67516458,11957,93536,808718,18572,41998,6086,4025,2021-02-01T24:00:00Z,433751,808718,313394628,2021-02-01T24:00:00Z,,0,0,1562,1766,344975,120200,1507545,8.496091548
20210131,56,25976946,67171483,12007,95013,806952,18968,41934,6291,4019,2021-01-31T24:00:00Z,432189,806952,311887083,2021-01-31T24:00:00Z,,0,0,2059,2171,224593,119367,1725724,8.493997389
20210130,56,25857579,66946890,11986,97561,804781,19130,41872,6329,4016,2021-01-30T24:00:00Z,430130,804781,310161359,2021-01-30T24:00:00Z,,0,0,2982,3147,232299,148824,2139579,8.491587691
20210129,56,25708755,66714591,12400,101003,801634,19609,41758,6483,4011,2021-01-29T24:00:00Z,427148,801634,308021780,2021-01-29T24:00:00Z,,0,0,3503,2835,284168,167111,1955101,8.488581426
20210128,56,25541644,66430423,12095,104303,798799,20113,41588,6642,4000,2021-01-28T24:00:00Z,423645,798799,306066679,2021-01-28T24:00:00Z,,0,0,4011,3500,269667,157306,1936761,8.485816051
20210127,56,25384338,66160756,11972,107444,795299,20497,41402,6806,3985,2021-01-27T24:00:00Z,419634,795299,304129918,2021-01-27T24:00:00Z,,0,0,4077,4134,244553,153985,1626393,8.483059145
20210126,56,25230353,65916203,9879,108960,791165,20573,41205,6832,3976,2021-01-26T24:00:00Z,415557,791165,302503525,2021-01-26T24:00:00Z,,0,0,3734,3705,377450,146448,1733799,8.48073044
20210125,56,25083905,65538753,10963,109936,787460,20875,41028,6857,3949,2021-01-25T24:00:00Z,411823,787460,300769726,2021-01-25T24:00:00Z,,0,0,1593,2515,217006,133454,1630391,8.47823412
20210124,56,24950451,65321747,10892,110628,784945,21168,40931,6989,3943,2021-01-24T24:00:00Z,410230,784945,299139335,2021-01-24T24:00:00Z,,0,0,1944,1909,223447,144234,1792892,8.475873524
20210123,56,24806217,65098300,10864,113609,783036,21657,40853,7110,3941,2021-01-23T24:00:00Z,408286,783036,297346443,2021-01-23T24:00:00Z,,0,0,3591,6652,274547,177118,1990072,8.473262748
20210122,56,24629099,64823753,11247,116264,776384,22008,40687,7236,3919,2021-01-22T24:00:00Z,404695,776384,295356371,2021-01-22T24:00:00Z,,0,0,3980,4325,284392,190915,2022028,8.470346343
20210121,56,24438184,64539361,10907,119949,772059,22309,40481,7370,3910,2021-01-21T24:00:00Z,400715,772059,293334343,2021-01-21T24:00:00Z,,0,0,3878,4053,256168,186275,1922155,8.467362912
20210120,56,24251909,64283193,10841,122700,768006,22809,40340,7564,3897,2021-01-20T24:00:00Z,396837,768006,291412188,2021-01-20T24:00:00Z,,0,0,4409,5105,312902,189203,1821802,8.464507712
20210119,56,24062706,63970291,10472,123820,762901,23029,40103,7688,3883,2021-01-19T24:00:00Z,392428,762901,289590386,2021-01-19T24:00:00Z,,0,0,2141,3206,370922,146626,1637938,8.46178414
20210118,56,23916080,63599369,11477,123848,759695,23226,39973,7772,3865,2021-01-18T24:00:00Z,390287,759695,287952448,2021-01-18T24:00:00Z,,0,0,1395,2839,192825,150792,1771268,8.459320775
20210117,56,23765288,63406544,11404,124387,756856,23432,39864,7797,3860,2021-01-17T24:00:00Z,388892,756856,286181180,2021-01-17T24:00:00Z,,0,0,2053,2167,277842,187218,1916756,8.45664107
20210116,56,23578070,63128702,11334,126139,754689,23524,39797,7755,3858,2021-01-16T24:00:00Z,386839,754689,284264424,2021-01-16T24:00:00Z,,0,0,3709,4039,226342,218085,2116224,8.453722511
20210115,56,23359985,62902360,11948,127235,750650,23593,39626,7772,3845,2021-01-15T24:00:00Z,383130,750650,282148200,2021-01-15T24:00:00Z,,0,0,3679,4000,410997,246454,2309884,8.450477284
20210114,56,23113531,62491363,12138,128947,746650,23891,39418,7878,3829,2021-01-14T24:00:00Z,379451,746650,279838316,2021-01-14T24:00:00Z,,0,0,3915,3792,305894,225616,2048899,8.446907179
20210113,56,22887915,62185469,10942,130391,742858,23857,39248,7902,3811,2021-01-13T24:00:00Z,375536,742858,277789417,2021-01-13T24:00:00Z,,0,0,4087,5312,237885,224491,1827396,8.443715696
20210112,56,22663424,61947584,9181,131326,737546,23881,39049,7879,3796,2021-01-12T24:00:00Z,371449,737546,275962021,2021-01-12T24:00:00Z,,0,0,4064,4657,428795,218020,1944234,8.440849317
20210111,56,22445404,61518789,11039,129793,732889,23501,38823,7786,3773,2021-01-11T24:00:00Z,367385,732889,274017787,2021-01-11T24:00:00Z,,0,0,1733,3045,225808,195255,1695767,8.437778755
20210110,56,22250149,61292981,10957,129223,729844,23640,38706,7878,3771,2021-01-10T24:00:00Z,365652,729844,272322020,2021-01-10T24:00:00Z,,0,0,2068,2413,270382,228732,2051661,8.43508276
20210109,56,22021417,61022599,10850,130781,727431,23718,38607,7791,3767,2021-01-09T24:00:00Z,363584,727431,270270359,2021-01-09T24:00:00Z,,0,0,3537,6683,290183,269368,2137700,8.431798419
20210108,56,21752049,60732416,11633,131921,720748,23912,38432,7908,3756,2021-01-08T24:00:00Z,360047,720748,268132659,2021-01-08T24:00:00Z,,0,0,3780,4705,320284,295121,2146223,8.428349715
20210107,56,21456928,60412132,11612,132370,716043,23821,38236,7900,3748,2021-01-07T24:00:00Z,356267,716043,265986436,2021-01-07T24:00:00Z,,0,0,4079,5312,246578,272043,1928262,8.42485949
20210106,56,21184885,60165554,10062,132474,710731,23708,38064,7946,3739,2021-01-06T24:00:00Z,352188,710731,264058174,2021-01-06T24:00:00Z,,0,0,3902,6607,263088,250184,1650493,8.421699616
20210105,56,20934701,59902466,8008,131195,704124,23509,37841,7976,3718,2021-01-05T24:00:00Z,348286,704124,262407681,2021-01-05T24:00:00Z,,0,0,3484,4290,480256,219075,1721007,8.418976543
20210104,56,20715626,59422210,9463,128210,699834,23435,37586,7930,3692,2021-01-04T24:00:00Z,344802,699834,260686674,2021-01-04T24:00:00Z,,0,0,1547,3892,148614,179571,1512611,8.416118831
20210103,56,20536055,59273596,9407,125562,695942,23243,37433,7939,3688,2021-01-03T24:00:00Z,343255,695942,259174063,2021-01-03T24:00:00Z,,0,0,1455,2226,215583,208457,1444257,8.413591537
20210102,56,20327598,59058013,9356,123614,693716,23133,37309,7910,3684,2021-01-02T24:00:00Z,341800,693716,257729806,2021-01-02T24:00:00Z,,0,0,2406,3051,221792,280318,1934350,8.411164647
20210101,56,20047280,58836221,11506,125047,690665,23255,37196,7990,3681,2021-01-01T24:00:00Z,339394,690665,255795456,2021-01-01T24:00:00Z,,0,0,2592,4550,192048,182906,1545537,8.407892825
31/12/2020,56,19864374,58644173,14931,125423,686115,23097,37066,8004,3672,2020-12-31T24:00:00Z,336802,686115,254249919,2020-12-31T24:00:00Z,,0,0,3297,4348,262855,226246,1797220,8.405260823
30/12/2020,56,19638128,58381318,14200,125220,681767,23069,36855,7930,3653,2020-12-30T24:00:00Z,333505,681767,252452699,2020-12-30T24:00:00Z,,0,0,3900,5514,215107,229496,1583713,8.402180018
29/12/2020,56,19408632,58166211,9939,124686,676253,22838,36583,7885,3635,2020-12-29T24:00:00Z,329605,676253,250868986,2020-12-29T24:00:00Z,,0,0,3289,5261,201698,199679,1343514,8.399446974
28/12/2020,56,19208953,57964513,10365,121202,670992,22579,36308,7948,3612,2020-12-28T24:00:00Z,326316,670992,249525472,2020-12-28T24:00:00Z,,0,0,5866,3723,309721,635057,6269700,8.397114886
24/12/2020,56,18573896,57065259,14410,120200,660628,22623,35899,7792,3587,2020-12-24T24:00:00Z,320450,660628,243255772,2020-12-24T24:00:00Z,,0,0,2958,4289,322117,206684,2031894,8.386063154
23/12/2020,56,18367212,56743142,13784,119463,656339,22489,35695,7819,3579,2020-12-23T24:00:00Z,317492,656339,241223878,2020-12-23T24:00:00Z,,0,0,3393,4795,304962,224526,1791481,8.382420295
22/12/2020,56,18142686,56438180,9934,117777,651544,22213,35428,7830,3554,2020-12-22T24:00:00Z,314099,651544,239432397,2020-12-22T24:00:00Z,,0,0,3137,4567,268046,193008,1770133,8.379182913
21/12/2020,56,17949678,56170134,12425,115358,646977,21884,35178,7783,3539,2020-12-21T24:00:00Z,310962,646977,237662264,2020-12-21T24:00:00Z,,0,0,5856,3111,439796,581773,5655758,8.37596023
18/12/2020,56,17367905,55280309,13454,113955,638055,21745,34716,7786,3519,2020-12-18T24:00:00Z,305106,638055,232006506,2020-12-18T24:00:00Z,,0,0,2866,5214,450795,241786,2193466,8.365500164
17/12/2020,56,17126119,54829514,13003,114492,632841,21912,34485,7848,3504,2020-12-17T24:00:00Z,302240,632841,229813040,2020-12-17T24:00:00Z,,0,0,3465,5167,246432,242970,1912697,8.361374668
16/12/2020,56,16883149,54583082,12843,113257,627674,21943,34237,7782,3488,2020-12-16T24:00:00Z,298775,627674,227900343,2020-12-16T24:00:00Z,,0,0,3453,4776,303846,234288,1839996,8.357744979
15/12/2020,56,16648861,54279236,9693,112816,622898,21897,33958,7702,3460,2020-12-15T24:00:00Z,295322,622898,226060347,2020-12-15T24:00:00Z,,0,0,2924,4430,316712,193218,1833138,8.35422439
14/12/2020,56,16455643,53962524,11448,110573,618468,21458,33693,7699,3442,2020-12-14T24:00:00Z,292398,618468,224227209,2020-12-14T24:00:00Z,,0,0,5355,3461,456078,607441,5758157,8.350688311
11/12/2020,56,15848202,52980433,13421,108101,608904,21012,33237,7488,3424,2020-12-11T24:00:00Z,287043,608904,218469052,2020-12-11T24:00:00Z,,0,0,2747,5411,350441,236933,1969509,8.339389924
10/12/2020,56,15611269,52629992,12409,107300,603493,21024,32919,7444,3394,2020-12-10T24:00:00Z,284296,603493,216499543,2020-12-10T24:00:00Z,,0,0,3132,4450,311589,220846,1967578,8.335456984
9/12/2020,56,15390423,52318403,13186,106671,599043,20903,32720,7621,3376,2020-12-09T24:00:00Z,281164,599043,214531965,2020-12-09T24:00:00Z,,0,0,3169,5300,378319,216728,1832545,8.331492011
8/12/2020,56,15173695,51940084,9806,104637,593743,20475,32406,7251,3359,2020-12-08T24:00:00Z,277995,593743,212699420,2020-12-08T24:00:00Z,,0,0,2680,4410,292335,217844,1690914,8.327766306
7/12/2020,56,14955851,51647749,13484,102122,589333,20097,32120,7067,3328,2020-12-07T24:00:00Z,275315,589333,211008506,2020-12-07T24:00:00Z,,0,0,4940,3461,269111,583547,5631134,8.324299963
4/12/2020,56,14372304,50722169,12714,101309,580048,19853,31608,6992,3305,2020-12-04T24:00:00Z,270375,580048,205377372,2020-12-04T24:00:00Z,,0,0,2563,4654,310395,230313,1918739,8.312552592
3/12/2020,56,14141991,50411774,15106,100746,575394,19714,31276,6871,3280,2020-12-03T24:00:00Z,267812,575394,203458633,2020-12-03T24:00:00Z,,0,0,2822,5369,306223,216271,1904020,8.308476122
2/12/2020,56,13925720,50105551,14368,100327,570025,19687,31038,6855,3252,2020-12-02T24:00:00Z,264990,570025,201554613,2020-12-02T24:00:00Z,,0,0,2811,5238,-658774,203429,1587969,8.304392742
1/12/2020,56,13722291,50764325,8764,98814,564787,19302,30749,6651,3223,2020-12-01T24:00:00Z,262179,564787,199966644,2020-12-01T24:00:00Z,,0,0,2489,4916,263699,181183,1494046,8.300957558
30/11/2020,56,13541108,50500626,14883,96134,559871,18807,30469,6520,3205,2020-11-30T24:00:00Z,259690,559871,198472598,2020-11-30T24:00:00Z,,0,0,3105,3394,344231,438754,4532599,8.297700555
27/11/2020,56,13102354,49605194,14854,89913,550563,18056,29858,6028,3171,2020-11-27T24:00:00Z,256585,550563,193939999,2020-11-27T24:00:00Z,,0,0,2796,3418,384580,328638,3438139,8.287667389
25/11/2020,56,12773716,49040673,14060,90043,544812,17738,29540,5987,3147,2020-11-25T24:00:00Z,253789,544812,190501860,2020-11-25T24:00:00Z,,0,0,2281,4538,394165,188496,1881059,8.27989922
24/11/2020,56,12585220,48646508,9962,88132,540274,17317,29245,5626,3123,2020-11-24T24:00:00Z,251508,540274,188620801,2020-11-24T24:00:00Z,,0,0,2091,4685,360586,166503,1873837,8.275589585
23/11/2020,56,12418717,48285922,17617,85945,535589,17060,28990,5455,3106,2020-11-23T24:00:00Z,249417,535589,186746964,2020-11-23T24:00:00Z,,0,0,3327,2835,331207,495269,5630269,8.27125355
20/11/2020,56,11923448,47204327,16221,82318,527088,16146,28472,5058,3078,2020-11-20T24:00:00Z,246090,527088,181116695,2020-11-20T24:00:00Z,,0,0,1910,3903,448167,197164,2004886,8.257958485
19/11/2020,56,11726284,46756160,14596,80669,523185,15759,28216,4860,3052,2020-11-19T24:00:00Z,244180,523185,179111809,2020-11-19T24:00:00Z,,0,0,2010,4456,324389,187932,1845354,8.25312422
18/11/2020,56,11538352,46431771,12971,79478,518729,15557,27989,4699,3024,2020-11-18T24:00:00Z,242170,518729,177266455,2020-11-18T24:00:00Z,,0,0,1885,4352,346915,168220,1701006,8.24862656
17/11/2020,56,11370132,46084856,9281,77047,514377,15009,27681,4379,3004,2020-11-17T24:00:00Z,240285,514377,175565449,2020-11-17T24:00:00Z,,0,0,1553,3887,300498,159826,1634272,8.244439052
16/11/2020,56,11210306,45784358,13639,73320,510490,14471,27437,4156,2988,2020-11-16T24:00:00Z,238732,510490,173931177,2020-11-16T24:00:00Z,,0,0,2672,2907,249458,464765,4896956,8.240377436
13/11/2020,56,10745541,44834103,12010,68585,502247,13280,26997,3766,2967,2020-11-13T24:00:00Z,236060,502247,169034221,2020-11-13T24:00:00Z,,0,0,1301,3673,331974,174633,1742559,8.227974636
12/11/2020,56,10570908,44502129,11385,67236,498574,12917,26803,3622,2954,2020-11-12T24:00:00Z,234759,498574,167291662,2020-11-12T24:00:00Z,,0,0,1112,3562,271550,157542,1607551,8.223474296
11/11/2020,56,10413366,44230579,11287,65549,495012,12626,26584,3365,2947,2020-11-11T24:00:00Z,233647,495012,165684111,2020-11-11T24:00:00Z,,0,0,1577,3281,283243,149333,1503560,8.219280862
10/11/2020,56,10264033,43947336,8579,62119,491731,12057,26335,3202,2922,2020-11-10T24:00:00Z,232070,491731,164180551,2020-11-10T24:00:00Z,,0,0,1358,4070,203377,135569,1386936,8.215321709
9/11/2020,56,10128464,43743959,23458,59342,487661,11636,26087,3111,2907,2020-11-09T24:00:00Z,230712,487661,162793615,2020-11-09T24:00:00Z,,0,0,2215,2176,283666,362961,4126602,8.211637367
6/11/2020,56,9765503,42862789,11804,55005,481677,11213,25498,2850,2885,2020-11-06T24:00:00Z,228497,481677,158667013,2020-11-06T24:00:00Z,,0,0,1185,3121,314445,129990,1772955,8.200486646
5/11/2020,56,9635513,42548344,11233,53380,478556,11050,25276,2876,2872,2020-11-05T24:00:00Z,227312,478556,156894058,2020-11-05T24:00:00Z,,0,0,1154,2553,302427,119023,1561062,8.195606496
4/11/2020,56,9516490,42245917,10117,52166,476003,10892,25041,2832,2853,2020-11-04T24:00:00Z,226158,476003,155332996,2020-11-04T24:00:00Z,,0,0,1131,3107,202598,105996,1318451,8.191263719
3/11/2020,56,9410494,42043319,8003,50509,472896,10538,24796,2734,2833,2020-11-03T24:00:00Z,225027,472896,154014545,2020-11-03T24:00:00Z,,0,0,1517,3135,255848,119949,1269152,8.187561737
2/11/2020,56,9290545,41787471,10655,48750,469761,9957,24560,2633,2809,2020-11-02T24:00:00Z,223510,469761,152745393,2020-11-02T24:00:00Z,,0,0,1843,1399,283444,316721,3872480,8.18396812
30/10/2020,56,8973824,40949659,11120,46880,465080,9550,24230,2477,2776,2020-10-30T24:00:00Z,221667,465080,148872913,2020-10-30T24:00:00Z,,0,0,947,2403,206695,97942,1423126,8.172815686
29/10/2020,56,8875882,40742964,10481,46191,462677,9320,24082,2399,2760,2020-10-29T24:00:00Z,220720,462677,147449787,2020-10-29T24:00:00Z,,0,0,1060,2321,317094,89365,1453174,8.16864415
28/10/2020,56,8786517,40425870,9600,45214,460356,9133,23883,2354,2744,2020-10-28T24:00:00Z,219660,460356,145996613,2020-10-28T24:00:00Z,,0,0,1047,2461,265933,79700,1150428,8.164342781
27/10/2020,56,8706817,40159937,8129,44391,457895,8985,23701,2283,2719,2020-10-27T24:00:00Z,218613,457895,144846185,2020-10-27T24:00:00Z,,0,0,922,2290,220640,72255,1150455,8.160907061
26/10/2020,56,8634562,39939297,11083,42988,455605,8946,23542,2300,2703,2020-10-26T24:00:00Z,217691,455605,143695730,2020-10-26T24:00:00Z,,0,0,1684,1697,268034,211693,3724173,8.157443863
23/10/2020,56,8422869,39142812,11853,41614,451010,8342,23221,2180,2679,2020-10-23T24:00:00Z,216007,451010,139971557,2020-10-23T24:00:00Z,,0,0,949,15058,304853,82575,1444382,8.146039794
22/10/2020,56,8340294,38837959,12222,41114,435952,8180,23018,2147,2641,2020-10-22T24:00:00Z,215058,435952,138527175,2020-10-22T24:00:00Z,,0,0,1094,2505,301777,72273,1305768,8.141534978
21/10/2020,56,8268021,38536182,10241,40397,433447,8291,22855,2083,2622,2020-10-21T24:00:00Z,213964,433447,137221407,2020-10-21T24:00:00Z,,0,0,1051,2123,201552,62856,1055928,8.137421868
20/10/2020,56,8205165,38334630,8014,39391,431324,8206,22662,2042,2593,2020-10-20T24:00:00Z,212913,431324,136165479,2020-10-20T24:00:00Z,,0,0,833,2309,201519,60574,1034354,8.134067018
19/10/2020,56,8144591,38133111,12138,37976,429015,8063,22475,1804,2577,2020-10-19T24:00:00Z,212080,429015,135131125,2020-10-19T24:00:00Z,,0,0,1628,1605,347469,163282,3504137,8.130755392
16/10/2020,56,7981309,37331107,13091,37479,425051,7333,22202,1740,2547,2020-10-16T24:00:00Z,210452,425051,131626988,2020-10-16T24:00:00Z,,0,0,891,1866,272444,68505,1247307,8.119344944
15/10/2020,56,7912804,37058663,13001,37423,423185,7303,22051,1773,2531,2020-10-15T24:00:00Z,209561,423185,130379681,2020-10-15T24:00:00Z,,0,0,928,2010,263255,63641,1182695,8.115209914
14/10/2020,56,7849163,36795408,11100,37184,421175,7236,21889,1775,2516,2020-10-14T24:00:00Z,208633,421175,129196986,2020-10-14T24:00:00Z,,0,0,801,2437,144110,57240,1114421,8.111252382
13/10/2020,56,7791923,36651298,8008,36171,418738,7104,21735,1757,2485,2020-10-13T24:00:00Z,207832,418738,128082565,2020-10-13T24:00:00Z,,0,0,718,2058,212674,46979,1090310,8.107490016
12/10/2020,56,7744944,36438624,11329,35148,416680,6860,21625,1663,2464,2020-10-12T24:00:00Z,207114,416680,126992255,2020-10-12T24:00:00Z,,0,0,1447,1106,212125,147541,3356906,8.103777235
9/10/2020,56,7597403,35708305,13078,34974,413107,6775,21389,1651,2437,2020-10-09T24:00:00Z,205667,413107,123635349,2020-10-09T24:00:00Z,,0,0,913,1735,280432,56993,1270461,8.092142659
8/10/2020,56,7540410,35427873,13087,34446,411372,6694,21217,1638,2427,2020-10-08T24:00:00Z,204754,411372,122364888,2020-10-08T24:00:00Z,,0,0,979,2134,6923,55308,1225426,8.087656817
7/10/2020,56,7485102,35420950,12269,33565,409238,6591,21112,1650,2410,2020-10-07T24:00:00Z,203775,409238,121139462,2020-10-07T24:00:00Z,,0,0,929,2138,232274,51216,1081509,8.083285641
6/10/2020,56,7433886,35188676,8680,32726,407100,6490,20973,1609,2388,2020-10-06T24:00:00Z,202846,407100,120057953,2020-10-06T24:00:00Z,,0,0,613,-752,185103,38846,954557,8.079390934
5/10/2020,56,7395040,35003573,11544,31426,407852,6292,20812,1514,2370,2020-10-05T24:00:00Z,202233,407852,119103396,2020-10-05T24:00:00Z,,0,0,1449,1447,243549,126791,3090842,8.075924145
2/10/2020,56,7268249,34279219,10813,30880,404654,6195,20612,1534,2348,2020-10-02T24:00:00Z,200784,404654,116012554,2020-10-02T24:00:00Z,,0,0,842,1443,311588,49427,1216123,8.064504988
1/10/2020,56,7218822,33967631,13003,30942,403211,6262,20492,1543,2334,2020-10-01T24:00:00Z,199942,403211,114796431,2020-10-01T24:00:00Z,,0,0,862,1757,214834,45720,1016972,8.059928386
30/9/2020,56,7173102,33752797,9431,31021,401454,6241,20390,1510,2319,2020-09-30T24:00:00Z,199080,401454,113779459,2020-09-30T24:00:00Z,,0,0,1064,1618,226976,44909,976422,8.056063864
29/9/2020,56,7128193,33525821,7695,30601,399836,6172,20247,1497,2298,2020-09-29T24:00:00Z,198016,399836,112803037,2020-09-29T24:00:00Z,,0,0,724,1673,203930,36766,992038,8.052320792
28/9/2020,56,7091427,33321891,11112,29696,398163,6048,20121,1513,2285,2020-09-28T24:00:00Z,197292,398163,111810999,2020-09-28T24:00:00Z,,0,0,1429,1181,258394,117634,3065968,8.048484528
25/9/2020,56,6973793,32592858,10905,29888,395144,6220,19919,1508,2264,2020-09-25T24:00:00Z,195863,395144,108745031,2020-09-25T24:00:00Z,,0,0,847,1322,273712,55237,1151382,8.036409421
24/9/2020,56,6918556,32319146,12008,30159,393822,6274,19555,1560,2177,2020-09-24T24:00:00Z,195016,393822,107593649,2020-09-24T24:00:00Z,,0,0,938,1484,254550,43341,1010190,8.031786637
23/9/2020,56,6875215,32064596,10535,30015,392338,6200,19452,1545,2154,2020-09-23T24:00:00Z,194078,392338,106583459,2020-09-23T24:00:00Z,,0,0,1156,1454,223960,39498,1013367,8.02768981
22/9/2020,56,6835717,31840636,7999,29645,390884,6188,19324,1558,2130,2020-09-22T24:00:00Z,192922,390884,105570092,2020-09-22T24:00:00Z,,0,0,859,1534,258099,48986,917213,8.0235409
21/9/2020,56,6786731,31582537,13241,28849,389350,6138,19353,1570,2116,2020-09-21T24:00:00Z,192063,389350,104652879,2020-09-21T24:00:00Z,,0,0,1355,1064,146752,120363,2914565,8.01975118
18/9/2020,56,6666368,30890761,11805,29651,386710,6175,19163,1608,2107,2020-09-18T24:00:00Z,190708,386710,101738314,2020-09-18T24:00:00Z,,0,0,901,1423,277046,46889,1094695,8.007484536
17/9/2020,56,6619479,30613715,11768,30035,385287,6285,19057,1662,2092,2020-09-17T24:00:00Z,189807,385287,100643619,2020-09-17T24:00:00Z,,0,0,880,1549,245451,43642,990095,8.002786245
16/9/2020,56,6575837,30368264,10587,30345,383738,6303,18961,1647,2090,2020-09-16T24:00:00Z,188927,383738,99653524,2020-09-16T24:00:00Z,,0,0,1190,1461,182360,40319,839956,7.998492661
15/9/2020,56,6535518,30185904,4966,30427,382277,6308,18847,1574,2071,2020-09-15T24:00:00Z,187737,382277,98813568,2020-09-15T24:00:00Z,,0,0,1034,1484,216815,34778,852734,7.994816581
14/9/2020,56,6500740,29969089,10494,30071,380793,6249,18748,1513,2061,2020-09-14T24:00:00Z,186703,380793,97960834,2020-09-14T24:00:00Z,,0,0,1616,912,198825,110001,2634553,7.991052474
11/9/2020,56,6390739,29316279,10813,31530,378191,6376,18549,1716,2031,2020-09-11T24:00:00Z,185087,378191,95326281,2020-09-11T24:00:00Z,,0,0,1015,1510,244892,44698,937575,7.97921265
10/9/2020,56,6346041,29071387,10530,32521,376681,6522,18453,1923,2008,2020-09-10T24:00:00Z,184072,376681,94388706,2020-09-10T24:00:00Z,,0,0,1161,1498,197077,37409,821387,7.974920032
9/9/2020,56,6308632,28874310,6551,32653,375183,6659,18322,1906,1994,2020-09-09T24:00:00Z,182911,375183,93567319,2020-09-09T24:00:00Z,,0,0,1088,1970,191966,30733,751002,7.971124186
8/9/2020,56,6277899,28682344,8983,32339,373213,6543,18189,1881,1975,2020-09-08T24:00:00Z,181823,373213,92816317,2020-09-08T24:00:00Z,,0,0,1952,934,123290,128320,2975855,7.967624331
4/9/2020,56,6149579,27942509,10118,34177,370133,6922,18012,1998,1943,2020-09-04T24:00:00Z,179871,370133,89840462,2020-09-04T24:00:00Z,,0,0,999,1249,256511,51600,1089037,7.953471977
3/9/2020,56,6097979,27685998,9987,34753,368884,6923,17894,2038,1928,2020-09-03T24:00:00Z,178872,368884,88751425,2020-09-03T24:00:00Z,,0,0,1072,1488,227081,44643,909820,7.948175335
2/9/2020,56,6053336,27458917,9293,35660,367396,7091,17784,2027,1918,2020-09-02T24:00:00Z,177800,367396,87841605,2020-09-02T24:00:00Z,,0,0,1035,1521,211097,30655,796145,7.943700262
1/9/2020,56,6022681,27247820,6647,35338,365875,7084,17655,2041,1902,2020-09-01T24:00:00Z,176765,365875,87045460,2020-09-01T24:00:00Z,,0,0,1014,1867,179210,42242,796530,7.939746125
31/8/2020,56,5980439,27068610,11128,35453,364008,7047,17537,2075,1877,2020-08-31T24:00:00Z,175751,364008,86248930,2020-08-31T24:00:00Z,,0,0,1874,710,180728,114481,2451086,7.935753716
28/8/2020,56,5865958,26409914,10428,37356,361337,7564,17304,2087,1856,2020-08-28T24:00:00Z,173877,361337,83797844,2020-08-28T24:00:00Z,,0,0,1020,1642,224635,46115,938465,7.923232845
27/8/2020,56,5819843,26185279,11168,37498,359695,7712,17181,2128,1831,2020-08-27T24:00:00Z,172857,359695,82859379,2020-08-27T24:00:00Z,,0,0,1128,1654,243599,44111,857577,7.918341674
26/8/2020,56,5775732,25941680,4081,38515,358041,7742,17046,2143,1809,2020-08-26T24:00:00Z,171729,358041,82001802,2020-08-26T24:00:00Z,,0,0,1300,1804,216584,44331,772668,7.913823396
25/8/2020,56,5731401,25725096,4091,38831,356237,7854,16920,2161,1789,2020-08-25T24:00:00Z,170429,356237,81229134,2020-08-25T24:00:00Z,,0,0,1140,1988,224504,36839,743872,7.909711823
24/8/2020,56,5694562,25500592,4143,38806,354249,7854,16787,2112,1764,2020-08-24T24:00:00Z,169289,354249,80485262,2020-08-24T24:00:00Z,,0,0,1953,1031,219639,118497,2348851,7.905716362
21/8/2020,56,5576065,24922745,4199,41049,350917,8358,16563,2288,1730,2020-08-21T24:00:00Z,167336,350917,78136411,2020-08-21T24:00:00Z,,0,0,1119,1783,251599,46456,915434,7.892853459
20/8/2020,56,5529609,24671146,4170,42109,349134,8486,16487,2330,1716,2020-08-20T24:00:00Z,166217,349134,77220977,2020-08-20T24:00:00Z,,0,0,1129,1983,208472,43844,864210,7.887735292
19/8/2020,56,5485765,24462674,4374,43406,347151,8747,16377,2375,1705,2020-08-19T24:00:00Z,165088,347151,76356767,2020-08-19T24:00:00Z,,0,0,1411,1983,243232,45073,832115,7.882847532
18/8/2020,56,5440692,24219442,4412,43840,345168,8859,16123,2467,1695,2020-08-18T24:00:00Z,163677,345168,75524652,2020-08-18T24:00:00Z,,0,0,1179,2261,205817,40070,771994,7.878088733
17/8/2020,56,5400622,24013625,4298,43614,342907,8881,15985,2444,1678,2020-08-17T24:00:00Z,162498,342907,74752658,2020-08-17T24:00:00Z,,0,0,2255,1224,186974,136300,2380862,7.87362664
14/8/2020,56,5264322,23319226,4415,45868,339107,9277,15764,2555,1665,2020-08-14T24:00:00Z,160243,339107,72371796,2020-08-14T24:00:00Z,,0,0,1226,2141,309137,57101,990725,7.85956935
13/8/2020,56,5207221,23010089,4239,47303,336966,9480,15629,2574,1649,2020-08-13T24:00:00Z,159017,336966,71381071,2020-08-13T24:00:00Z,,0,0,1163,2675,256634,51763,954412,7.85358306
12/8/2020,56,5155458,22753455,4174,48067,334291,9564,15524,2602,1629,2020-08-12T24:00:00Z,157854,334291,70426659,2020-08-12T24:00:00Z,,0,0,1517,2971,235552,56186,813796,7.847737086
11/8/2020,56,5099272,22517903,4118,48600,331320,9135,15331,2422,1612,2020-08-11T24:00:00Z,156337,331320,69612863,2020-08-11T24:00:00Z,,0,0,1320,2624,230600,54935,845183,7.842689496
10/8/2020,56,5044337,22287303,3966,48751,328696,9209,15158,2529,1592,2020-08-10T24:00:00Z,155017,328696,68767680,2020-08-10T24:00:00Z,,0,0,2137,1554,210324,145665,2334730,7.837384373
7/8/2020,56,4898672,21623274,3988,51327,324786,9698,14925,2628,1549,2020-08-07T24:00:00Z,152880,324786,66432950,2020-08-07T24:00:00Z,,0,0,1323,7994,263766,60823,890426,7.822383538
6/8/2020,56,4837849,21359508,3903,53219,316792,9996,14810,2714,1534,2020-08-06T24:00:00Z,151557,316792,65542524,2020-08-06T24:00:00Z,,0,0,1241,2615,267211,54048,848687,7.816523162
5/8/2020,56,4783801,21092297,3842,53435,314177,9988,14687,2721,1524,2020-08-05T24:00:00Z,150316,314177,64693837,2020-08-05T24:00:00Z,,0,0,1355,2118,231712,52698,816864,7.81086291
4/8/2020,56,4731103,20860585,3789,53436,312059,10207,14537,2701,1493,2020-08-04T24:00:00Z,148961,312059,63876973,2020-08-04T24:00:00Z,,0,0,1241,4423,237419,51198,806693,7.805344328
3/8/2020,56,4679905,20623166,3662,53517,307636,10233,14370,2664,1463,2020-08-03T24:00:00Z,147720,307636,63070280,2020-08-03T24:00:00Z,,0,0,2213,1558,208433,156718,2320341,7.799824759
31/7/2020,56,4523187,19930653,3956,55721,302861,10473,14044,2701,1437,2020-07-31T24:00:00Z,145507,302861,60749939,2020-07-31T24:00:00Z,,0,0,1328,2532,98386,67827,988464,7.783545846
30/7/2020,56,4455360,19832267,3947,56571,300329,10519,13875,2762,1415,2020-07-30T24:00:00Z,144179,300329,59761475,2020-07-30T24:00:00Z,,0,0,1248,3291,261819,68961,887682,7.776421308
29/7/2020,56,4386399,19570448,3840,57422,297038,10535,13744,2771,1400,2020-07-29T24:00:00Z,142931,297038,58873793,2020-07-29T24:00:00Z,,0,0,1503,2860,286097,64143,908717,7.769922017
28/7/2020,56,4322256,19284351,3600,57185,294178,10463,13559,2748,1372,2020-07-28T24:00:00Z,141428,294178,57965076,2020-07-28T24:00:00Z,,0,0,1111,4068,235635,58457,842374,7.76316641
27/7/2020,56,4263799,19048716,3398,58987,290110,10328,13412,2723,1356,2020-07-27T24:00:00Z,140317,290110,57122702,2020-07-27T24:00:00Z,,0,0,2641,1631,241474,180092,2510555,7.756808742
24/7/2020,56,4083707,18236000,3409,59800,285279,10389,13182,2709,1297,2020-07-24T24:00:00Z,137676,285279,54612147,2020-07-24T24:00:00Z,,0,0,1175,3063,313787,75061,1007671,7.737289251
23/7/2020,56,4008646,17922213,3179,59860,282216,10423,12933,2467,1280,2020-07-23T24:00:00Z,136501,282216,53604476,2020-07-23T24:00:00Z,,0,0,1070,2373,310508,71436,929251,7.729201055
22/7/2020,56,3937210,17611705,3051,59758,279843,10460,12790,2444,1258,2020-07-22T24:00:00Z,135431,279843,52675225,2020-07-22T24:00:00Z,,0,0,1149,2238,263283,69422,901870,7.721606399
21/7/2020,56,3867788,17348422,3197,59476,277605,6717,12629,2414,1242,2020-07-21T24:00:00Z,134282,277605,51773355,2020-07-21T24:00:00Z,,0,0,1041,2551,240960,62920,833566,7.714106309
20/7/2020,56,3804868,17107462,3003,58518,275054,6551,12475,2403,1223,2020-07-20T24:00:00Z,133241,275054,50939789,2020-07-20T24:00:00Z,,0,0,1779,1563,246497,185643,2396390,7.707057142
17/7/2020,56,3619225,16380378,3002,57871,270611,6451,12243,2352,1200,2020-07-17T24:00:00Z,131462,270611,48543399,2020-07-17T24:00:00Z,,0,0,939,2485,277945,76524,943532,7.686130182
16/7/2020,56,3542701,16102433,2929,57602,268126,6349,12091,2314,1175,2020-07-16T24:00:00Z,130523,268126,47599867,2020-07-16T24:00:00Z,,0,0,941,2210,286947,70489,948000,7.677605739
15/7/2020,56,3472212,15815486,2947,56340,265916,6328,12002,2322,1166,2020-07-15T24:00:00Z,129582,265916,46651867,2020-07-15T24:00:00Z,,0,0,863,2388,268202,69373,913964,7.668869029
14/7/2020,56,3402839,15547284,960,55678,263528,6238,11857,2263,1154,2020-07-14T24:00:00Z,128719,263528,45737903,2020-07-14T24:00:00Z,,0,0,741,2246,259542,58609,835205,7.660276249
13/7/2020,56,3344230,15287742,2610,54118,261282,6063,11749,2254,1142,2020-07-13T24:00:00Z,127978,261282,44902698,2020-07-13T24:00:00Z,,0,0,1556,1120,225250,181334,2397663,7.652272437
10/7/2020,56,3162896,14533974,2493,51724,254180,5899,11523,2192,1118,2020-07-10T24:00:00Z,126422,254180,42505035,2020-07-10T24:00:00Z,,0,0,839,2196,288642,67111,912598,7.628440378
9/7/2020,56,3095785,14245332,2530,44051,251984,5843,11370,2129,1138,2020-07-09T24:00:00Z,125583,251984,41592437,2020-07-09T24:00:00Z,,0,0,863,1661,283969,59062,846616,7.619014367
8/7/2020,56,3036723,13961363,2360,43207,250323,5872,11303,2167,1103,2020-07-08T24:00:00Z,124720,250323,40745821,2020-07-08T24:00:00Z,,0,0,819,1890,211173,62813,780578,7.610083073
7/7/2020,56,2973910,13750190,2136,41949,248433,5838,11177,2102,1084,2020-07-07T24:00:00Z,123901,248433,39965243,2020-07-07T24:00:00Z,,0,0,905,1976,208560,50990,742033,7.601682458
6/7/2020,56,2922920,13541630,1907,39960,246457,5678,11058,2104,1070,2020-07-06T24:00:00Z,122996,246457,39223210,2020-07-06T24:00:00Z,,0,0,1345,762,171559,195339,2758456,7.593543133
2/7/2020,56,2727581,12699902,2208,37646,242883,5636,10843,2104,1041,2020-07-02T24:00:00Z,121651,242883,36464754,2020-07-02T24:00:00Z,,0,0,699,1697,228663,53511,774335,7.561873288
1/7/2020,56,2674070,12471239,2604,36526,241186,5492,10752,2099,1027,2020-07-01T24:00:00Z,120952,241186,35690419,2020-07-01T24:00:00Z,,0,0,698,1429,224206,51046,729493,7.552551647
30/6/2020,56,2623024,12247033,2432,35337,239757,5426,10669,2044,1008,2020-06-30T24:00:00Z,120254,239757,34960926,2020-06-30T24:00:00Z,,0,0,579,1473,225256,47010,710726,7.543582927
29/6/2020,56,2576014,12021777,2194,33742,238284,5389,10542,2021,990,2020-06-29T24:00:00Z,119675,238284,34250200,2020-06-29T24:00:00Z,,0,0,1117,731,246910,124201,1996487,7.534663112
26/6/2020,56,2451813,11330989,2201,31850,235948,5290,10334,2069,966,2020-06-26T24:00:00Z,118558,235948,32253713,2020-06-26T24:00:00Z,,0,0,618,1542,220349,44340,793454,7.508579717
25/6/2020,56,2407473,11110640,2133,31922,234406,5319,10257,2214,951,2020-06-25T24:00:00Z,117940,234406,31460259,2020-06-25T24:00:00Z,,0,0,648,1296,247894,39707,715570,7.497762294
24/6/2020,56,2367766,10862746,2049,31270,233110,5292,10173,2247,934,2020-06-24T24:00:00Z,117292,233110,30744689,2020-06-24T24:00:00Z,,0,0,704,1246,184637,39117,562962,7.487770104
23/6/2020,56,2328649,10678109,1891,30355,231864,5392,10077,2292,918,2020-06-23T24:00:00Z,116588,231864,30181727,2020-06-23T24:00:00Z,,0,0,724,1271,171427,33447,670015,7.479744087
22/6/2020,56,2295202,10506682,2028,28963,230593,5325,10002,2301,909,2020-06-22T24:00:00Z,115864,230593,29511712,2020-06-22T24:00:00Z,,0,0,1196,824,166595,88253,1616224,7.469994404
19/6/2020,56,2206949,9968477,2032,28693,228551,5337,9876,2433,884,2020-06-19T24:00:00Z,114668,228551,27895488,2020-06-19T24:00:00Z,,0,0,652,1578,234737,30865,663567,7.445533963
18/6/2020,56,2176084,9733740,1903,28538,226973,5472,9736,2518,869,2020-06-18T24:00:00Z,114016,226973,27231921,2020-06-18T24:00:00Z,,0,0,682,1108,185993,27042,556712,7.435078279
17/6/2020,56,2149042,9547747,1745,28647,225865,5608,9665,2584,857,2020-06-17T24:00:00Z,113334,225865,26675209,2020-06-17T24:00:00Z,,0,0,780,1077,193666,24153,561448,7.426107831
16/6/2020,56,2124889,9354081,1604,28370,224788,5570,9590,2591,845,2020-06-16T24:00:00Z,112554,224788,26113761,2020-06-16T24:00:00Z,,0,0,720,1184,180528,22838,504724,7.416869425
15/6/2020,56,2102051,9173553,1619,28034,223604,5700,9516,2636,835,2020-06-15T24:00:00Z,111834,223604,25609037,2020-06-15T24:00:00Z,,0,0,1434,664,167343,65366,1470152,7.408393248
12/6/2020,56,2036685,8639466,1783,29306,221376,6009,9373,2738,814,2020-06-12T24:00:00Z,110400,221376,24138885,2020-06-12T24:00:00Z,,0,0,766,1376,228304,23141,623384,7.382717206
11/6/2020,56,2013544,8411162,1816,29850,220000,6075,9295,2885,792,2020-06-11T24:00:00Z,109634,220000,23515501,2020-06-11T24:00:00Z,,0,0,896,1526,149629,21991,484979,7.371354236
10/6/2020,56,1991553,8261533,1737,30961,218474,6256,9225,3022,780,2020-06-10T24:00:00Z,108738,218474,23030522,2020-06-10T24:00:00Z,,0,0,893,1239,168836,20880,482620,7.362303782
9/6/2020,56,1970673,8092697,1661,31179,217235,6453,9141,3088,771,2020-06-09T24:00:00Z,107845,217235,22547902,2020-06-09T24:00:00Z,,0,0,886,1279,155350,16916,454850,7.353106139
8/6/2020,56,1953757,7937347,1606,31105,215956,6398,9013,3238,762,2020-06-08T24:00:00Z,106959,215956,22093052,2020-06-08T24:00:00Z,,0,0,1836,1071,132298,58725,1398612,7.344255715
5/6/2020,56,1895032,7392509,1749,32502,213241,6921,8863,3520,740,2020-06-05T24:00:00Z,105123,213241,20694440,2020-06-05T24:00:00Z,,0,0,835,1518,233592,23050,624244,7.315853679
4/6/2020,56,1871982,7158917,3474,32802,211723,7044,8787,3662,723,2020-06-04T24:00:00Z,104288,211723,20070196,2020-06-04T24:00:00Z,,0,0,883,-2856,180430,20477,498869,7.302551614
3/6/2020,56,1851505,6978487,3556,33227,214579,7229,8688,3754,717,2020-06-03T24:00:00Z,103405,214579,19571327,2020-06-03T24:00:00Z,,0,0,975,2145,185773,20182,504449,7.291620273
2/6/2020,56,1831323,6792714,4054,33956,212434,7410,8566,3854,710,2020-06-02T24:00:00Z,102430,212434,19066878,2020-06-02T24:00:00Z,,0,0,971,1735,161590,19879,449048,7.280279588
1/6/2020,56,1811444,6631124,3455,34325,210699,7592,8485,3950,704,2020-06-01T24:00:00Z,101459,210699,18617830,2020-06-01T24:00:00Z,,0,0,2257,2862,158114,65338,1307094,7.26992906
29/5/2020,56,1746106,6158176,2978,36942,205521,8170,8235,4028,689,2020-05-29T24:00:00Z,99202,205521,17310736,2020-05-29T24:00:00Z,,0,0,1174,1571,196292,23618,534228,7.238315533
28/5/2020,56,1722488,5961884,1906,38000,203950,8392,8109,4079,676,2020-05-28T24:00:00Z,98028,203950,16776508,2020-05-28T24:00:00Z,,0,0,1235,1594,188257,22799,493996,7.224701568
27/5/2020,56,1699689,5773627,3132,38300,202356,8552,8015,4223,666,2020-05-27T24:00:00Z,96793,202356,16282512,2020-05-27T24:00:00Z,,0,0,1335,1561,151062,19172,416554,7.211721407
26/5/2020,56,1680517,5622565,1549,37751,200795,8580,7899,4221,650,2020-05-26T24:00:00Z,95458,200795,15865958,2020-05-26T24:00:00Z,,0,0,2949,17287,112350,76868,1557270,7.2004663
22/5/2020,56,1603649,5096015,3709,40008,180197,9042,7689,4714,633,2020-05-22T24:00:00Z,92509,180197,14308688,2020-05-22T24:00:00Z,,0,0,1290,3949,172853,24115,453783,7.155599814
21/5/2020,56,1579534,4923162,3641,41359,176248,9092,7412,4871,616,2020-05-21T24:00:00Z,91219,176248,13854905,2020-05-21T24:00:00Z,,0,0,1380,4547,228097,26831,508832,7.141603552
20/5/2020,56,1552703,4695065,2973,41856,171701,9522,7319,4907,613,2020-05-20T24:00:00Z,89839,171701,13346073,2020-05-20T24:00:00Z,,0,0,1397,1756,167279,21293,450292,7.125353496
19/5/2020,56,1531410,4527786,2944,42023,169945,9598,7217,5032,606,2020-05-19T24:00:00Z,88442,169945,12895781,2020-05-19T24:00:00Z,,0,0,1317,1548,165975,20687,420506,7.110447649
18/5/2020,56,1510723,4361811,3596,41940,168397,9748,7064,5260,602,2020-05-18T24:00:00Z,87125,168397,12475275,2020-05-18T24:00:00Z,,0,0,2964,1132,127310,64776,1093739,7.096050128
15/5/2020,56,1445947,3964409,2457,44553,164335,10476,6890,5744,589,2020-05-15T24:00:00Z,84161,164335,11381536,2020-05-15T24:00:00Z,,0,0,1538,1314,123836,25490,406415,7.056200876
14/5/2020,56,1420457,3840573,2673,45923,163021,10655,6795,5940,582,2020-05-14T24:00:00Z,82623,163021,10975121,2020-05-14T24:00:00Z,,0,0,1853,3160,137271,26773,391455,7.040409317
13/5/2020,56,1393684,3703302,1983,46921,159861,10991,6713,6164,572,2020-05-13T24:00:00Z,80770,159861,10583666,2020-05-13T24:00:00Z,,0,0,1730,1786,116695,21500,345138,7.024636126
12/5/2020,56,1372184,3586607,1803,47343,158075,11241,6585,6350,559,2020-05-12T24:00:00Z,79040,158075,10238528,2020-05-12T24:00:00Z,,0,0,1509,1486,109273,22442,339232,7.010237522
11/5/2020,56,1349742,3477334,1989,46550,156589,11153,6488,6349,551,2020-05-11T24:00:00Z,77531,156589,9899296,2020-05-11T24:00:00Z,,0,0,3382,1374,207145,64576,973887,6.99560431
8/5/2020,56,1285166,3064985,3307,49770,152492,11786,6294,6793,531,2020-05-08T24:00:00Z,74149,152492,8925409,2020-05-08T24:00:00Z,,0,0,1784,6230,104963,27197,312586,6.950628126
7/5/2020,56,1257969,2960022,3171,51445,146262,12135,5174,7067,529,2020-05-07T24:00:00Z,72365,146262,8612823,2020-05-07T24:00:00Z,,0,0,2748,4191,93943,27229,330008,6.935145522
6/5/2020,56,1230740,2866079,2742,52609,142071,12480,4911,4758,449,2020-05-06T24:00:00Z,69617,142071,8282815,2020-05-06T24:00:00Z,,0,0,1918,2154,89076,25256,284216,6.918177961
5/5/2020,56,1205484,2777003,2633,53164,139917,12620,4794,4810,439,2020-05-05T24:00:00Z,67699,139917,7998599,2020-05-05T24:00:00Z,,0,0,2490,1932,104879,22344,278449,6.903013925
4/5/2020,56,1183140,2672124,2791,52375,137985,12701,4579,4852,430,2020-05-04T24:00:00Z,65209,137985,7720150,2020-05-04T24:00:00Z,,0,0,3803,1765,89245,77180,749392,6.887625739
1/5/2020,56,1105960,2408131,1639,54897,132370,12861,4300,4712,376,2020-05-01T24:00:00Z,61406,132370,6970758,2020-05-01T24:00:00Z,,0,0,1809,9874,104558,32808,285823,6.843280006
30/4/2020,56,1073152,2303573,2775,54905,122496,13246,4192,4708,373,2020-04-30T24:00:00Z,59597,122496,6684935,2020-04-30T24:00:00Z,,0,0,2160,2382,81678,30046,275561,6.825097189
29/4/2020,56,1043106,2221895,4832,56009,120114,13550,4093,4803,365,2020-04-29T24:00:00Z,57437,120114,6409374,2020-04-29T24:00:00Z,,0,0,2676,2946,87461,26176,256119,6.806815614
28/4/2020,56,1016930,2134434,4206,56034,117168,13562,3798,4760,252,2020-04-28T24:00:00Z,54761,117168,6153255,2020-04-28T24:00:00Z,,0,0,2078,2014,69320,25234,216665,6.789104913
27/4/2020,56,991696,2065114,4077,56183,115154,13812,3720,4867,252,2020-04-27T24:00:00Z,52683,115154,5936590,2020-04-27T24:00:00Z,,0,0,4138,2245,62965,85455,676636,6.773537056
24/4/2020,56,906241,1822023,4396,57370,108397,14623,2468,5194,227,2020-04-24T24:00:00Z,48545,108397,5259954,2020-04-24T24:00:00Z,,0,0,1974,2388,83279,34226,245379,6.720981946
23/4/2020,56,872015,1738744,4258,59214,106009,14737,2428,5463,227,2020-04-23T24:00:00Z,46571,106009,5014575,2020-04-23T24:00:00Z,,0,0,1809,2820,64842,31953,218113,6.700234131
22/4/2020,56,840062,1673902,4191,59207,103189,15016,2370,5474,227,2020-04-22T24:00:00Z,44762,103189,4796462,2020-04-22T24:00:00Z,,0,0,2085,3086,-183046,29176,334406,6.680921008
21/4/2020,56,810886,1888055,3956,59779,100103,14945,2315,5514,214,2020-04-21T24:00:00Z,42677,100103,4462056,2020-04-21T24:00:00Z,,0,0,2479,2736,63914,26039,166966,6.649535016
20/4/2020,56,784847,1824141,4037,56721,97367,14463,2193,5569,214,2020-04-20T24:00:00Z,40198,97367,4295090,2020-04-20T24:00:00Z,,0,0,5474,2309,70851,81440,465439,6.632972269
17/4/2020,56,703407,1613835,10889,58892,89441,14910,2052,6098,187,2020-04-17T24:00:00Z,34724,89441,3829651,2020-04-17T24:00:00Z,,0,0,2118,3366,69199,31984,172149,6.583159198
16/4/2020,56,671423,1544636,16927,59496,86075,15136,1834,5940,176,2020-04-16T24:00:00Z,32606,86075,3657502,2020-04-16T24:00:00Z,,0,0,2194,3172,79739,31527,183046,6.563184572
15/4/2020,56,639896,1464897,16901,59930,82903,14639,1783,6033,223,2020-04-15T24:00:00Z,30412,82903,3474456,2020-04-15T24:00:00Z,,0,0,2545,3502,57904,29983,149278,6.540886816
14/4/2020,56,609913,1406993,16615,59610,79401,14047,1715,5981,221,2020-04-14T24:00:00Z,27867,79401,3325178,2020-04-14T24:00:00Z,,0,0,2352,3172,73584,25912,160255,6.521814898
13/4/2020,56,584001,1333409,17159,56211,76229,13605,1622,6170,208,2020-04-13T24:00:00Z,25515,76229,3164923,2020-04-13T24:00:00Z,,0,0,7491,4491,58602,117393,580632,6.500363148
9/4/2020,56,466608,1087969,17622,51323,59770,12445,918,5798,39,2020-04-09T24:00:00Z,18024,59770,2584291,2020-04-09T24:00:00Z,,0,0,2051,3829,82730,34961,170558,6.412341415
8/4/2020,56,431647,1005239,17219,45359,55941,10276,862,4142,39,2020-04-08T24:00:00Z,15973,55941,2413733,2020-04-08T24:00:00Z,,0,0,2003,4387,68030,30996,165594,6.382689228
7/4/2020,56,400651,937209,16548,43849,51554,9978,738,4047,43,2020-04-07T24:00:00Z,13970,51554,2248139,2020-04-07T24:00:00Z,,0,0,2038,2931,78959,30430,170116,6.35182316
6/4/2020,56,370221,858250,17283,36159,48623,7079,663,2961,39,2020-04-06T24:00:00Z,11932,48623,2078023,2020-04-06T24:00:00Z,,0,0,4134,2962,69818,87241,498437,6.31765035
3/4/2020,56,282980,611183,61976,25723,36715,4928,335,623,39,2020-04-03T24:00:00Z,7798,36715,1579586,2020-04-03T24:00:00Z,,0,0,1287,4621,54867,31838,142351,6.198543276
2/4/2020,56,251142,556316,62097,22995,32094,4513,305,576,32,2020-04-02T24:00:00Z,6511,32094,1437235,2020-04-02T24:00:00Z,,0,0,1175,4164,51001,28071,130666,6.157527785
1/4/2020,56,223071,505315,59665,20906,27930,3937,256,561,32,2020-04-01T24:00:00Z,5336,27930,1306569,2020-04-01T24:00:00Z,,0,0,5336,4148,44838,223071,1306569,6.11613235

date,Price,Volume
2020-12-31,18.9,6940700.0
2020-12-30,19.12,7746456.0
2020-12-29,18.64,9828855.0
2020-12-28,18.89,6362778.0
2020-12-24,19.21,2895541.0
2020-12-23,19.48,9276574.0
2020-12-22,19.12,6426997.0
2020-12-21,19.35,8714778.0
2020-12-18,19.68,15807513.0
2020-12-17,20.08,9508713.0
2020-12-16,20.14,13388062.0
2020-12-15,20.07,15822936.0
2020-12-14,18.96,11775739.0
2020-12-11,19.83,10482731.0
2020-12-10,19.99,11667841.0
2020-12-09,19.51,16962312.0
2020-12-08,19.76,12226788.0
2020-12-07,18.97,12267812.0
2020-12-04,19.43,14895753.0
2020-12-03,18.02,11624706.0
2020-12-02,17.61,9738669.0
2020-12-01,17.08,9390725.0
2020-11-30,16.59,15727278.0
2020-11-27,17.56,4548163.0
2020-11-25,17.86,11050956.0
2020-11-24,17.91,15550743.0
2020-11-23,17.32,17856914.0
2020-11-20,15.9,7827268.0
2020-11-19,16.0,12055800.0
2020-11-18,15.39,12951423.0
2020-11-17,15.81,10451652.0
2020-11-16,15.46,12832182.0
2020-11-13,14.33,9684955.0
2020-11-12,13.92,9921014.0
2020-11-11,14.18,8998388.0
2020-11-10,14.38,14627614.0
2020-11-09,14.38,25174517.0
2020-11-06,12.28,10871287.0
2020-11-05,12.57,11946797.0
2020-11-04,12.71,19084445.0
2020-11-03,12.99,13231754.0
2020-11-02,12.8,15822613.0
2020-10-30,12.06,16138989.0
2020-10-29,11.62,15084807.0
2020-10-28,11.42,18266901.0
2020-10-27,12.51,11873064.0
2020-10-26,12.79,16611726.0
2020-10-23,13.31,17743479.0
2020-10-22,13.04,10770154.0
2020-10-21,12.67,11946944.0
2020-10-20,12.74,18733183.0
2020-10-19,12.17,20524104.0
2020-10-16,12.25,18407737.0
2020-10-15,13.07,12273763.0
2020-10-14,12.72,12221902.0
2020-10-13,12.54,9264009.0
2020-10-12,12.73,10810724.0
2020-10-09,12.58,13564627.0
2020-10-08,12.81,13712819.0
2020-10-07,11.93,13292334.0
2020-10-06,11.85,20036278.0
2020-10-05,11.93,13796447.0
2020-10-02,11.31,17883426.0
2020-10-01,11.17,27032483.0
2020-09-30,12.05,12139878.0
2020-09-29,12.07,13407976.0
2020-09-28,12.76,16598445.0
2020-09-25,12.37,18480347.0
2020-09-24,12.52,24020341.0
2020-09-23,12.65,15910256.0
2020-09-22,13.33,10214579.0
2020-09-21,13.22,19709671.0
2020-09-18,14.45,12507559.0
2020-09-17,14.82,12584160.0
2020-09-16,15.07,14994524.0
2020-09-15,14.44,7930355.0
2020-09-14,14.33,10765073.0
2020-09-11,14.27,10846320.0
2020-09-10,14.28,15727122.0
2020-09-09,15.06,12272512.0
2020-09-08,14.81,15783569.0
2020-09-04,15.99,12968834.0
2020-09-03,16.12,15884462.0
2020-09-02,16.25,10415413.0
2020-09-01,16.23,11040576.0
2020-08-31,16.18,9810467.0
2020-08-28,16.27,8505183.0
2020-08-27,16.02,8343416.0
2020-08-26,15.81,8954803.0
2020-08-25,16.15,10201186.0
2020-08-24,16.29,14722433.0
2020-08-21,15.74,9806378.0
2020-08-20,16.01,13361242.0
2020-08-19,16.49,11929105.0
2020-08-18,16.45,10542875.0
2020-08-17,16.65,12282140.0
2020-08-14,16.63,12244233.0
2020-08-13,16.65,13456868.0
2020-08-12,16.71,20499045.0
2020-08-11,16.14,25789762.0
2020-08-10,15.61,10490627.0
2020-08-07,14.89,12918540.0
2020-08-06,14.82,11389644.0
2020-08-05,15.32,13478044.0
2020-08-04,15.11,15746194.0
2020-08-03,14.53,11183987.0
2020-07-31,14.33,18014479.0
2020-07-30,14.67,14688097.0
2020-07-29,15.07,13723697.0
2020-07-28,14.65,14960966.0
2020-07-27,14.9,15134141.0
2020-07-24,14.71,21901668.0
2020-07-23,14.75,19508575.0
2020-07-22,14.18,17933094.0
2020-07-21,14.32,32615217.0
2020-07-20,13.41,28331909.0
2020-07-17,13.08,16463459.0
2020-07-16,13.09,12745904.0
2020-07-15,13.0,18198605.0
2020-07-14,12.48,15845898.0
2020-07-13,11.79,13297434.0
2020-07-10,12.06,12894920.0
2020-07-09,11.78,16109278.0
2020-07-08,12.47,13117285.0
2020-07-07,12.41,10965739.0
2020-07-06,13.03,13637400.0
2020-07-02,12.57,15112186.0
2020-07-01,12.47,15596137.0
2020-06-30,12.98,21166792.0
2020-06-29,12.42,16714340.0
2020-06-26,11.93,16406266.0
2020-06-25,12.43,12862571.0
2020-06-24,11.86,18714380.0
2020-06-23,13.0,13275161.0
2020-06-22,13.02,12837043.0
2020-06-19,13.04,29701119.0
2020-06-18,13.19,14347213.0
2020-06-17,12.96,15668636.0
2020-06-16,13.53,23519009.0
2020-06-15,13.03,19654535.0
2020-06-12,12.78,20059396.0
2020-06-11,12.28,27798532.0
2020-06-10,14.51,26366901.0
2020-06-09,15.43,23783534.0
2020-06-08,16.4,36332860.0
2020-06-05,14.52,27746020.0
2020-06-04,13.19,22472542.0
2020-06-03,13.08,24088201.0
2020-06-02,12.69,21732635.0
2020-06-01,12.04,20749690.0
2020-05-29,11.75,28706765.0
2020-05-28,12.11,19018213.0
2020-05-27,12.19,20078150.0
2020-05-26,11.87,23308697.0
2020-05-22,11.59,19307608.0
2020-05-21,11.98,22889929.0
2020-05-20,11.95,28166340.0
2020-05-19,11.15,26255532.0
2020-05-18,11.51,40032523.0
2020-05-15,9.82,22972478.0
2020-05-14,9.95,22301138.0
2020-05-13,9.54,24119157.0
2020-05-12,10.49,21839364.0
2020-05-11,10.58,17638528.0
2020-05-08,10.7,21283840.0
2020-05-07,10.01,20150095.0
2020-05-06,9.56,19824597.0
2020-05-05,9.86,30378956.0
2020-05-04,10.03,25415603.0
2020-05-01,9.76,28060170.0
2020-04-30,10.5,45371418.0
2020-04-29,11.02,37396770.0
2020-04-28,9.52,28480075.0
2020-04-27,8.91,27898061.0
2020-04-24,8.86,46120057.0
2020-04-23,8.92,43729625.0
2020-04-22,8.23,39587394.0
2020-04-21,7.46,34769540.0
2020-04-20,7.63,41590320.0
2020-04-17,7.58,34285961.0
2020-04-16,6.67,26719996.0
2020-04-15,6.95,34832640.0
2020-04-14,7.63,37371521.0
2020-04-13,7.85,46295453.0
2020-04-09,8.21,62280492.0
2020-04-08,8.75,27482466.0
2020-04-07,8.04,40128783.0
2020-04-06,7.91,28246935.0
2020-04-03,7.61,35853956.0
2020-04-02,7.52,51235980.0
2020-04-01,6.6,27134426.0
2020-03-31,6.85,34468465.0
2020-03-30,6.37,28069350.0
2020-03-27,6.39,33399868.0
2020-03-26,7.05,32863646.0
2020-03-25,6.77,51355469.0
2020-03-24,6.63,48337401.0
2020-03-23,5.24,27157821.0
2020-03-20,5.05,49136202.0
2020-03-19,4.8,39768751.0
2020-03-18,4.61,45031285.0
2020-03-17,6.14,36155355.0
2020-03-16,5.94,37930759.0
2020-03-13,7.15,43874064.0
2020-03-12,6.42,38569847.0
2020-03-11,7.83,35887867.0
2020-03-10,8.66,62796799.0
2020-03-09,8.15,74587245.0
2020-03-06,13.07,29991738.0
2020-03-05,14.74,28685833.0
2020-03-04,15.39,30183106.0
2020-03-03,15.95,26029217.0
2020-03-02,17.22,20527804.0
2020-02-28,16.96,27294584.0
2020-02-27,17.39,20068764.0
2020-02-26,18.4,16142505.0
2020-02-25,19.01,13037660.0
2020-02-24,19.83,12538964.0
2020-02-21,21.26,11630951.0
2020-02-20,21.95,7202270.0
2020-02-19,22.28,7035290.0
2020-02-18,21.86,8500228.0
2020-02-14,22.12,8402968.0
2020-02-13,22.19,10072316.0
2020-02-12,22.35,9892431.0
2020-02-11,21.73,12983991.0
2020-02-10,21.4,10097792.0
2020-02-07,21.8,10238359.0
2020-02-06,22.26,8202498.0
2020-02-05,22.58,12033684.0
2020-02-04,21.67,11937493.0
2020-02-03,21.5,11481705.0
2020-01-31,21.81,12501940.0
2020-01-30,21.95,10648437.0
2020-01-29,21.63,10328316.0
2020-01-28,22.08,8773599.0
2020-01-27,21.65,18991975.0
2020-01-24,23.1,11681573.0
2020-01-23,23.58,12567875.0
2020-01-22,23.93,12041715.0
2020-01-21,23.77,21044184.0
2020-01-17,23.96,14377324.0
2020-01-16,23.81,10188021.0
2020-01-15,23.57,9940118.0
2020-01-14,23.94,13325211.0
2020-01-13,23.75,11442651.0
2020-01-10,24.08,8385016.0
2020-01-09,24.19,13479036.0
2020-01-08,24.05,14021067.0
2020-01-07,24.67,12431007.0
2020-01-06,25.39,14419165.0
2020-01-03,24.76,11562581.0
2020-01-02,24.68,9125473.0

date,Price,Volume,original price
31/12/2020,2.369586891,5002663,234.2
30/12/2020,2.364569755,6017643,231.51
29/12/2020,2.363668378,8316075,231.03
28/12/2020,2.372414856,6952379,235.73
24/12/2020,2.37774324,3053752,238.64
23/12/2020,2.379196704,6421336,239.44
22/12/2020,2.38648113,6340935,243.49
21/12/2020,2.376065722,8156045,237.72
18/12/2020,2.373739318,11534717,236.45
17/12/2020,2.372009352,8914060,235.51
16/12/2020,2.362105319,10110033,230.2
15/12/2020,2.345569756,6508117,221.6
14/12/2020,2.343979399,9759424,220.79
11/12/2020,2.330535521,4283354,214.06
10/12/2020,2.333124709,6556822,215.34
9/12/2020,2.323870607,7807532,210.8
8/12/2020,2.336339636,5419592,216.94
7/12/2020,2.338317019,5363365,217.93
4/12/2020,2.337998051,6214640,217.77
3/12/2020,2.331508276,7645193,214.54
2/12/2020,2.327481541,7537366,212.56
1/12/2020,2.335538132,10103481,216.54
30/11/2020,2.330657235,12976149,214.12
27/11/2020,2.325084439,5363151,211.39
25/11/2020,2.331346302,13817473,214.46
24/11/2020,2.31386722,14662346,206
23/11/2020,2.302806963,12019989,200.82
20/11/2020,2.284814097,11518655,192.67
19/11/2020,2.280805928,9391530,190.9
18/11/2020,2.279027806,8095357,190.12
17/11/2020,2.283979284,6448805,192.3
16/11/2020,2.28316549,10127757,191.94
13/11/2020,2.275587741,6020699,188.62
12/11/2020,2.276691529,7103620,189.1
11/11/2020,2.284069612,9151685,192.34
10/11/2020,2.2633046,13144319,183.36
9/11/2020,2.26651392,18986391,184.72
6/11/2020,2.30691802,8075064,202.73
5/11/2020,2.310820715,15188527,204.56
4/11/2020,2.288450448,16106952,194.29
3/11/2020,2.254813841,31655971,179.81
2/11/2020,2.273603077,14386024,187.76
30/10/2020,2.269816377,12041236,186.13
29/10/2020,2.290123688,7627102,195.04
28/10/2020,2.284001868,8050042,192.31
27/10/2020,2.301962726,4754359,200.43
26/10/2020,2.294950954,7715998,197.22
23/10/2020,2.307581605,6644745,203.04
22/10/2020,2.309481119,12398290,203.93
21/10/2020,2.328522306,17247188,213.07
20/10/2020,2.305265362,4867725,201.96
19/10/2020,2.301160264,6566682,200.06
16/10/2020,2.310587115,9663990,204.45
15/10/2020,2.307795448,7630531,203.14
14/10/2020,2.308777774,8591824,203.6
13/10/2020,2.317520127,8145300,207.74
12/10/2020,2.304296603,10603246,201.51
9/10/2020,2.295061045,7082372,197.27
8/10/2020,2.285692302,5582626,193.06
7/10/2020,2.289165153,4228748,194.61
6/10/2020,2.282531484,5921767,191.66
5/10/2020,2.294135419,5024054,196.85
2/10/2020,2.283097605,6546430,191.91
1/10/2020,2.294333934,7268872,196.94
30/9/2020,2.294532357,7939637,197.03
29/9/2020,2.288919606,6766102,194.5
28/9/2020,2.283346465,7590637,192.02
25/9/2020,2.272421826,7606454,187.25
24/9/2020,2.260524536,7374516,182.19
23/9/2020,2.259139758,6782378,181.61
22/9/2020,2.273649335,8939288,187.78
21/9/2020,2.262949175,13765625,183.21
18/9/2020,2.245685364,13557242,176.07
17/9/2020,2.244994166,11840100,175.79
16/9/2020,2.257462574,8174799,180.91
15/9/2020,2.26955964,7763369,186.02
14/9/2020,2.271748699,7053058,186.96
11/9/2020,2.264817823,8110351,184
10/9/2020,2.278959271,6580655,190.09
9/9/2020,2.289142836,8541960,194.6
8/9/2020,2.269396183,9282378,185.95
4/9/2020,2.282939166,17034108,191.84
3/9/2020,2.311732675,16006894,204.99
2/9/2020,2.323911809,7219494,210.82
1/9/2020,2.320000804,6237911,208.93
31/8/2020,2.30992811,5628727,204.14
28/8/2020,2.310650836,4581319,204.48
27/8/2020,2.310353389,6051898,204.34
26/8/2020,2.308521729,6072171,203.48
25/8/2020,2.304641298,5108202,201.67
24/8/2020,2.298591111,5404075,198.88
21/8/2020,2.294003026,6092535,196.79
20/8/2020,2.297059824,6772962,198.18
19/8/2020,2.284295348,6865340,192.44
18/8/2020,2.289075879,5362472,194.57
17/8/2020,2.292898175,6198365,196.29
14/8/2020,2.282078055,4847965,191.46
13/8/2020,2.285714797,10082355,193.07
12/8/2020,2.281760372,7939997,191.32
11/8/2020,2.276530734,9155292,189.03
10/8/2020,2.286276786,8792199,193.32
7/8/2020,2.298044843,6525299,198.63
6/8/2020,2.309821726,5821425,204.09
5/8/2020,2.307303451,7573326,202.91
4/8/2020,2.295193116,5771585,197.33
3/8/2020,2.294620517,7961646,197.07
31/7/2020,2.292411149,10865370,196.07
30/7/2020,2.284453294,16803593,192.51
29/7/2020,2.266231697,15436643,184.6
28/7/2020,2.246178405,6125669,176.27
27/7/2020,2.250371202,6868784,177.98
24/7/2020,2.236940132,6256092,172.56
23/7/2020,2.240199675,6999615,173.86
22/7/2020,2.251443535,4669007,178.42
21/7/2020,2.244475045,5612366,175.58
20/7/2020,2.252416091,5996828,178.82
17/7/2020,2.240349527,7373955,173.92
16/7/2020,2.229963262,6630594,169.81
15/7/2020,2.235679919,6698988,172.06
14/7/2020,2.236285277,10624537,172.3
13/7/2020,2.234289447,10234780,171.51
10/7/2020,2.25139485,7583168,178.4
9/7/2020,2.262996582,6340005,183.23
8/7/2020,2.259044094,7234385,181.57
7/7/2020,2.248659743,5529463,177.28
6/7/2020,2.245956606,8360157,176.18
2/7/2020,2.248488226,5944556,177.21
1/7/2020,2.249027053,6871374,177.43
30/6/2020,2.241122937,6831902,174.23
29/6/2020,2.226213121,5423702,168.35
26/6/2020,2.232665819,8158658,170.87
25/6/2020,2.236789099,6650737,172.5
24/6/2020,2.225309282,8931751,168
23/6/2020,2.237518605,7693874,172.79
22/6/2020,2.231112629,7793821,170.26
19/6/2020,2.215796133,11332668,164.36
18/6/2020,2.225438517,8583734,168.05
17/6/2020,2.214393431,5582620,163.83
16/6/2020,2.207418917,6539467,161.22
15/6/2020,2.197418408,5117394,157.55
12/6/2020,2.191059582,7038068,155.26
11/6/2020,2.184804957,9041718,153.04
10/6/2020,2.203875623,5881831,159.91
9/6/2020,2.195512211,7265620,156.86
8/6/2020,2.193375081,5494431,156.09
5/6/2020,2.193124598,8446143,156
4/6/2020,2.18920949,7554487,154.6
3/6/2020,2.19529066,6732830,156.78
2/6/2020,2.197252983,6344432,157.49
1/6/2020,2.189012805,5658288,154.53
29/5/2020,2.190359716,10156091,155.01
28/5/2020,2.172573744,10050679,148.79
27/5/2020,2.164233855,9554775,145.96
26/5/2020,2.167317335,10267534,147
22/5/2020,2.178574103,5724145,150.86
21/5/2020,2.170906809,5578930,148.22
20/5/2020,2.178804346,7811268,150.94
19/5/2020,2.162534537,7779063,145.39
18/5/2020,2.165066178,8580542,146.24
15/5/2020,2.162892841,8361165,145.51
14/5/2020,2.159597268,9272877,144.41
13/5/2020,2.157547426,11142641,143.73
12/5/2020,2.149311506,9757599,141.03
11/5/2020,2.158241838,10273368,143.96
8/5/2020,2.16124818,13169422,144.96
7/5/2020,2.16521464,35487924,146.29
6/5/2020,2.108260505,14031243,128.31
5/5/2020,2.098401422,9241882,125.43
4/5/2020,2.092229242,7674351,123.66
1/5/2020,2.081383317,5613832,120.61
30/4/2020,2.089905111,7569776,123
29/4/2020,2.091948191,9891526,123.58
28/4/2020,2.064981822,9192284,116.14
27/4/2020,2.081095157,6678219,120.53
24/4/2020,2.0798322,10680406,120.18
23/4/2020,2.06160325,7563183,115.24
22/4/2020,2.061414778,12879850,115.19
21/4/2020,2.031570032,11736608,107.54
20/4/2020,2.04987672,10730723,112.17
17/4/2020,2.048635988,11069777,111.85
16/4/2020,2.034668556,9575624,108.31
15/4/2020,2.033222647,7821377,107.95
14/4/2020,2.040543006,8417858,109.785
13/4/2020,2.025223915,7716160,105.98
9/4/2020,2.024649831,10894921,105.84
8/4/2020,2.021437396,9385890,105.06
7/4/2020,2.001214325,10291513,100.28
6/4/2020,2.007192824,11998987,101.67
3/4/2020,1.965624967,7699462,92.39
2/4/2020,1.970904498,7077181,93.52
1/4/2020,1.960851154,9628376,91.38
31/3/2020,1.981093423,9882034,95.74
30/3/2020,1.986906031,8948597,97.03
27/3/2020,1.970718704,11311959,93.48
26/3/2020,2.002727473,9452863,100.63
25/3/2020,1.980957316,11814366,95.71
24/3/2020,1.988068203,13936472,97.29
23/3/2020,1.930745328,12969720,85.26
20/3/2020,1.937918903,14874413,86.68
19/3/2020,1.971693239,12181578,93.69
18/3/2020,1.961231197,16060056,91.46
17/3/2020,1.990649588,17969391,97.87
16/3/2020,1.967173423,16204938,92.72
13/3/2020,2.041984501,19170559,110.15
12/3/2020,1.986592607,20114391,96.96
11/3/2020,2.016615548,10761017,103.9
10/3/2020,2.040364956,11748492,109.74
9/3/2020,2.007021926,12458891,101.63
6/3/2020,2.044892383,8524269,110.89
5/3/2020,2.049915436,7671457,112.18
4/3/2020,2.061829307,8245198,115.3
3/3/2020,2.040444098,11912275,109.76
2/3/2020,2.052540046,13366965,112.86
28/2/2020,2.033383541,17215994,107.99
27/2/2020,2.032779879,15461904,107.84
26/2/2020,2.037864556,10306927,109.11
25/2/2020,2.040048242,13636134,109.66
24/2/2020,2.066102197,10139308,116.44
21/2/2020,2.077331561,5896230,119.49
20/2/2020,2.087887849,7212911,122.43
19/2/2020,2.093106357,4878649,123.91
18/2/2020,2.087319912,5085799,122.27
14/2/2020,2.089869802,5769897,122.99
13/2/2020,2.081023086,6066472,120.51
12/2/2020,2.073938191,6482283,118.56
11/2/2020,2.074962643,4677447,118.84
10/2/2020,2.079398339,4868408,120.06
7/2/2020,2.075108796,4166262,118.88
6/2/2020,2.07878296,4020286,119.89
5/2/2020,2.078166708,7595345,119.72
4/2/2020,2.079470679,7396789,120.08
3/2/2020,2.066363202,8236584,116.51
31/1/2020,2.056485593,9467156,113.89
30/1/2020,2.068631064,13653347,117.12
29/1/2020,2.066921972,9255661,116.66
28/1/2020,2.066400476,6432992,116.52
27/1/2020,2.06160325,7002260,115.24
24/1/2020,2.068111617,7123969,116.98
23/1/2020,2.071476968,8533941,117.89
22/1/2020,2.062581984,5305308,115.5
21/1/2020,2.065019214,8509645,116.15
17/1/2020,2.06460772,9730424,116.04
16/1/2020,2.062205809,4793197,115.4
15/1/2020,2.060131,5955223,114.85
14/1/2020,2.059336177,7182707,114.64
13/1/2020,2.061753968,9069390,115.28
10/1/2020,2.052809328,6965689,112.93
9/1/2020,2.051422666,5950181,112.57
8/1/2020,2.048519488,8295189,111.82
7/1/2020,2.040087843,6916836,109.67
6/1/2020,2.042063349,6766627,110.17
3/1/2020,2.036469199,7099931,108.76
2/1/2020,2.044343735,7419283,110.75

date,Price,Volume
2020-12-31,3.16,3325.0
2020-12-30,3.21,5109.0
2020-12-29,3.2,3406.0
2020-12-28,3.25,55869.0
2020-12-24,3.25,12276.0
2020-12-23,3.2,29994.0
2020-12-22,3.15,17176.0
2020-12-21,3.23,7540.0
2020-12-18,3.35,18500.0
2020-12-17,3.35,5897.0
2020-12-16,3.31,11424.0
2020-12-15,3.33,10193.0
2020-12-14,3.315,24867.0
2020-12-11,3.33,8261.0
2020-12-10,3.29,24066.0
2020-12-09,3.27,14940.0
2020-12-08,3.34,15414.0
2020-12-07,3.36,40994.0
2020-12-04,3.34,8365.0
2020-12-03,3.32,22529.0
2020-12-02,3.31,25080.0
2020-12-01,3.3,19274.0
2020-11-30,3.35,37252.0
2020-11-27,3.41,25543.0
2020-11-25,3.45,55312.0
2020-11-24,3.37,50103.0
2020-11-23,3.06,21056.0
2020-11-20,3.03,4294.0
2020-11-19,3.09,35594.0
2020-11-18,3.085,14275.0
2020-11-17,3.04,44503.0
2020-11-16,2.95,9810.0
2020-11-13,2.88,13689.0
2020-11-12,2.912,10853.0
2020-11-11,2.96,12035.0
2020-11-10,2.86,11266.0
2020-11-09,2.82,97304.0
2020-11-06,2.62,1004.0
2020-11-05,2.63,5355.0
2020-11-04,2.6,455.0
2020-11-03,2.51,12231.0
2020-11-02,2.49,13031.0
2020-10-30,2.48,4310.0
2020-10-29,2.54,3097.0
2020-10-28,2.545,16445.0
2020-10-27,2.635,2067.0
2020-10-26,2.65,5022.0
2020-10-23,2.64,1540.0
2020-10-22,2.631,2552.0
2020-10-21,2.62,12739.0
2020-10-20,2.55,16256.0
2020-10-19,2.57,12947.0
2020-10-16,2.53,35356.0
2020-10-15,2.55,125407.0
2020-10-14,2.58,2370.0
2020-10-13,2.61,4900.0
2020-10-12,2.61,2428.0
2020-10-09,2.6,1202.0
2020-10-08,2.63,4990.0
2020-10-07,2.62,11231.0
2020-10-06,2.6,5742.0
2020-10-05,2.58,2404.0
2020-10-02,2.53,3828.0
2020-10-01,2.52,52607.0
2020-09-30,2.53,10495.0
2020-09-29,2.485,435.0
2020-09-28,2.49,2856.0
2020-09-25,2.455,2348.0
2020-09-24,2.455,5427.0
2020-09-23,2.48,3092.0
2020-09-22,2.48,60563.0
2020-09-21,2.51,14047.0
2020-09-18,2.58,12037.0
2020-09-17,2.63,1129.0
2020-09-16,2.61,3517.0
2020-09-15,2.6033,7371.0
2020-09-14,2.58,3685.0
2020-09-11,2.585,4189.0
2020-09-10,2.64,6447.0
2020-09-09,2.62,1791.0
2020-09-08,2.63,14659.0
2020-09-04,2.65,4251.0
2020-09-03,2.68,67512.0
2020-09-02,2.62,11810.0
2020-09-01,2.64,26055.0
2020-08-31,2.71,3121.0
2020-08-28,2.705,4900.0
2020-08-27,2.665,24440.0
2020-08-26,2.72,18071.0
2020-08-25,2.78,3788.0
2020-08-24,2.66,17114.0
2020-08-21,2.64,11717.0
2020-08-20,2.675,1920.0
2020-08-19,2.665,2708.0
2020-08-18,2.725,2084.0
2020-08-17,2.74,36800.0
2020-08-14,2.78,10470.0
2020-08-13,2.71,4206.0
2020-08-12,2.705,5674.0
2020-08-11,2.625,19609.0
2020-08-10,2.59,12995.0
2020-08-07,2.535,4469.0
2020-08-06,2.58,15527.0
2020-08-05,2.59,7230.0
2020-08-04,2.47,27024.0
2020-08-03,2.425,10316.0
2020-07-31,2.535,18695.0
2020-07-30,2.5299,53224.0
2020-07-29,2.614,26587.0
2020-07-28,2.62,6502.0
2020-07-27,2.62,2075.0
2020-07-24,2.65,18842.0
2020-07-23,2.62,19213.0
2020-07-22,2.65,5922.0
2020-07-21,2.68,6271.0
2020-07-20,2.63,7685.0
2020-07-17,2.66,4700.0
2020-07-16,2.71,13100.0
2020-07-15,2.76,9700.0
2020-07-14,2.73,16500.0
2020-07-13,2.73,9800.0
2020-07-10,2.74,1700.0
2020-07-09,2.73,17000.0
2020-07-08,2.78,2400.0
2020-07-07,2.75,22600.0
2020-07-06,2.86,84200.0
2020-07-02,2.75,12700.0
2020-07-01,2.71,23600.0
2020-06-30,2.68,15800.0
2020-06-29,2.7,3407.0
2020-06-26,2.71,35586.0
2020-06-25,2.78,15199.0
2020-06-24,2.83,17050.0
2020-06-23,2.9,7836.0
2020-06-22,2.93,17715.0
2020-06-19,2.88,50692.0
2020-06-18,2.91,62408.0
2020-06-17,2.99,43649.0
2020-06-16,2.99,33362.0
2020-06-15,2.95,310516.0
2020-06-12,3.105,61922.0
2020-06-11,2.96,112552.0
2020-06-10,3.15,198524.0
2020-06-09,3.1799,383714.0
2020-06-08,3.69,227623.0
2020-06-05,3.42,201313.0
2020-06-04,3.33,56336.0
2020-06-03,3.15,93857.0
2020-06-02,3.03,93336.0
2020-06-01,2.8,152380.0
2020-05-29,2.74,15739.0
2020-05-28,2.768,45828.0
2020-05-27,2.72,46615.0
2020-05-26,2.7,56917.0
2020-05-22,2.65,82620.0
2020-05-21,2.6,20135.0
2020-05-20,2.65,71344.0
2020-05-19,2.66,23531.0
2020-05-18,2.79,71652.0
2020-05-15,2.88,21581.0
2020-05-14,2.77,13924.0
2020-05-13,3.14,62556.0
2020-05-12,3.05,16589.0
2020-05-11,3.3,16942.0
2020-05-08,3.22,43881.0
2020-05-07,3.31,16639.0
2020-05-06,3.45,129575.0
2020-05-05,4.23,35280.0
2020-05-04,4.295,13510.0
2020-05-01,4.282,12225.0
2020-04-30,4.35,4233.0
2020-04-29,4.385,1954.0
2020-04-28,4.31,520.0
2020-04-27,4.22,11.0
2020-04-24,4.22,3163.0
2020-04-23,4.32,3550.0
2020-04-22,4.21,0.0
2020-04-21,4.2055,6638.0
2020-04-20,4.43,4016.0
2020-04-17,4.335,3071.0
2020-04-16,4.33,266.0
2020-04-15,4.29,1800.0
2020-04-14,4.48,4200.0
2020-04-13,4.33,8452.0
2020-04-09,4.3725,9585.0
2020-04-08,4.2,2579.0
2020-04-07,4.22,4434.0
2020-04-06,4.055,4940.0
2020-04-03,3.86,2277.0
2020-04-02,3.97,1902.0
2020-04-01,3.85,29550.0
2020-03-31,4.09,4438.0
2020-03-30,4.205,4049.0
2020-03-27,4.28,10333.0
2020-03-26,4.905,23500.0
2020-03-25,4.7,368.0
2020-03-24,4.3,2295.0
2020-03-23,3.75,7282.0
2020-03-20,4.135,8695.0
2020-03-19,4.49,12100.0
2020-03-18,4.521,1435.0
2020-03-17,4.7,2362.0
2020-03-16,4.72,23666.0
2020-03-13,5.08,33852.0
2020-03-12,5.24,14558.0
2020-03-11,5.32,13000.0
2020-03-10,5.82,92075.0
2020-03-09,5.13,7071.0
2020-03-06,5.7,55.0
2020-03-05,5.7,17367.0
2020-03-04,5.8,4800.0
2020-03-03,5.71,12356.0
2020-03-02,5.76,3010.0
2020-02-28,5.82,1000.0
2020-02-27,5.89,14800.0
2020-02-26,5.91,16200.0
2020-02-25,6.02,8300.0
2020-02-24,6.07,520.0
2020-02-21,6.13,5183.0
2020-02-20,6.13,22440.0
2020-02-19,6.175,100.0
2020-02-18,6.27,108.0
2020-02-14,6.25,110.0
2020-02-13,6.21,503.0
2020-02-12,6.21,0.0
2020-02-11,6.21,5033.0
2020-02-10,6.21,0.0
2020-02-07,6.208,17000.0
2020-02-06,6.21,0.0
2020-02-05,6.208,1000.0
2020-02-04,6.19,0.0
2020-02-03,6.1885,887.0
2020-01-31,6.11,9000.0
2020-01-30,6.265,2130.0
2020-01-29,6.45,6323.0
2020-01-28,6.0,1868.0
2020-01-27,6.53,1200.0
2020-01-24,6.59,0.0
2020-01-23,6.59,100.0
2020-01-22,6.637,2.0
2020-01-21,6.637,12.0
2020-01-17,6.72,0.0
2020-01-16,6.72,0.0
2020-01-15,6.637,300.0
2020-01-14,6.72,0.0
2020-01-13,6.72,0.0
2020-01-10,6.72,0.0
2020-01-09,6.72,0.0
2020-01-08,6.72,0.0
2020-01-07,6.72,0.0
2020-01-06,6.637,1103.0
2020-01-03,6.72,0.0
2020-01-02,6.715,373.0
